1792 1024
1 1 1 1 1 1 1 1 1 1 1 1
1 1 1 1 1 1 1 1 1 1 1 1
1 1 1 1 1 1 1 1 1 1 1 1
1 1 1 1 1 1 1 1 1 1 1 1
1 1 1 1 1 1 1 1 1 1 1 1
1 1 1 1 1 1 1 1 1 1 1 1
1 1 1 1 1 1 1 1 1 1 1 1
1 1 1 1 1 1 1 1 1 1 1 1
1 1 1 1 1 1 1 1 1 1 1 1
1 1 1 1 1 1 1 1 1 1 1 1
1 1 1 1 1 1 1 1 1 1 1 1
1 1 1 1 1 1 1 1 1 1 1 1
1 1 1 1 1 1 1 1 1 1 1 1
1 1 1 1 1 1 1 1 1 1 1 1
1 1 1 1 1 1 1 1 1 1 1 1
1 1 1 1 1 1 1 1 1 1 1 1
1 1 1 1 1 1 1 1 1 1 1 1
1 1 1 1 1 1 1 1 1 1 1 1
1 1 1 1 1 1 1 1 1 1 1 1
1 1 1 1 1 1 1 1 1 1 1 1
1 1 1 1 1 1 1 1 1 1 1 1
1 1 1 1 1 1 1 1 1 1 1 1
1 1 1 1 1 1 1 1 1 1 1 1
1 1 1 1 1 1 1 1 1 1 1 1
1 1 1 1 1 1 1 1 1 1 1 1
1 1 1 1 1 1 1 1 1 1 1 1
1 1 1 1 1 1 1 1 1 1 1 1
1 1 1 1 1 1 1 1 1 1 1 1
1 1 1 1 1 1 1 1 1 1 1 1
1 1 1 1 1 1 1 1 1 1 1 1
1 1 1 1 1 1 1 1 1 1 1 1
1 1 1 1 1 1 1 1 1 1 1 1
1 1 1 1 1 1 1 1 1 1 1 1
1 1 1 1 1 1 1 1 1 1 1 1
1 1 1 1 1 1 1 1 1 1 1 1
1 1 1 1 1 1 1 1 1 1 1 1
1 1 1 1 1 1 1 1 1 1 1 1
1 1 1 1 1 1 1 1 1 1 1 1
1 1 1 1 1 1 1 1 1 1 1 1
1 1 1 1 1 1 1 1 1 1 1 1
1 1 1 1 1 1 1 1 1 1 1 1
1 1 1 1 1 1 1 1 1 1 1 1
1 1 1 1 1 1 1 1 1 1 1 1
1 1 1 1 1 1 1 1 1 1 1 1
1 1 1 1 1 1 1 1 1 1 1 1
1 1 1 1 1 1 1 1 1 1 1 1
1 1 1 1 1 1 1 1 1 1 1 1
1 1 1 1 1 1 1 1 1 1 1 1
1 1 1 1 1 1 1 1 1 1 1 1
1 1 1 1 1 1 1 1 1 1 1 1
1 1 1 1 1 1 1 1 1 1 1 1
1 1 1 1 1 1 1 1 1 1 1 1
1 1 1 1 1 1 1 1 1 1 1 1
1 1 1 1 1 1 1 1 1 1 1 1
1 1 1 1 1 1 1 1 1 1 1 1
1 1 1 1 1 1 1 1 1 1 1 1
1 1 1 1 1 1 1 1 1 1 1 1
1 1 1 1 1 1 1 1 1 1 1 1
1 1 1 1 1 1 1 1 1 1 1 1
1 1 1 1 1 1 1 1 1 1 1 1
1 1 1 1 1 1 1 1 1 1 1 1
1 1 1 1 1 1 1 1 1 1 1 1
1 1 1 1 1 1 1 1 1 1 1 1
1 1 1 1 1 1 1 1 1 1 1 1
1 1 1 1 1 1 1 1 1 1 1 1
1 1 1 1 1 1 1 1 1 1 1 1
1 1 1 1 1 1 1 1 1 1 1 1
1 1 1 1 1 1 1 1 1 1 1 1
1 1 1 1 1 1 1 1 1 1 1 1
1 1 1 1 1 1 1 1 1 1 1 1
1 1 1 1 1 1 1 1 1 1 1 1
1 1 1 1 1 1 1 1 1 1 1 1
1 1 1 1 1 1 1 1 1 1 1 1
1 1 1 1 1 1 1 1 1 1 1 1
1 1 1 1 1 1 1 1 1 1 1 1
1 1 1 1 1 1 1 1 1 1 1 1
1 1 1 1 1 1 1 1 1 1 1 1
1 1 1 1 1 1 1 1 1 1 1 1
1 1 1 1 1 1 1 1 1 1 1 1
1 1 1 1 1 1 1 1 1 1 1 1
1 1 1 1 1 1 1 1 1 1 1 1
1 1 1 1 1 1 1 1 1 1 1 1
1 1 1 1 1 1 1 1 1 1 1 1
1 1 1 1 1 1 1 1 1 1 1 1
1 1 1 1 1 1 1 1 1 1 1 1
1 1 1 1 6
1 9 16 17 30 3 
6
1 9 16 18 54 4 
6
1 9 16 19 98 5 
6
1 9 16 20 178 6 
6
1 9 16 21 322 7 
6
1 9 16 22 578 8 
6
1 10 29 31 55 4 
6
1 10 29 32 99 5 
6
1 10 29 33 179 6 
6
1 10 29 34 323 7 
6
1 10 29 35 579 8 
6
1 11 53 56 100 5 
6
1 11 53 57 180 6 
6
1 11 53 58 324 7 
6
1 11 53 59 580 8 
6
1 12 97 101 181 6 
6
1 12 97 102 325 7 
6
1 12 97 103 581 8 
6
1 13 177 182 326 7 
6
1 13 177 183 582 8 
6
1 14 321 327 583 8 
6
2 17 30 31 55 4 
6
2 17 30 32 99 5 
6
2 17 30 33 179 6 
6
2 17 30 34 323 7 
6
2 17 30 35 579 8 
6
2 18 54 56 100 5 
6
2 18 54 57 180 6 
6
2 18 54 58 324 7 
6
2 18 54 59 580 8 
6
2 19 98 101 181 6 
6
2 19 98 102 325 7 
6
2 19 98 103 581 8 
6
2 20 178 182 326 7 
6
2 20 178 183 582 8 
6
2 21 322 327 583 8 
6
3 31 55 56 100 5 
6
3 31 55 57 180 6 
6
3 31 55 58 324 7 
6
3 31 55 59 580 8 
6
3 32 99 101 181 6 
6
3 32 99 102 325 7 
6
3 32 99 103 581 8 
6
3 33 179 182 326 7 
6
3 33 179 183 582 8 
6
3 34 323 327 583 8 
6
4 56 100 101 181 6 
6
4 56 100 102 325 7 
6
4 56 100 103 581 8 
6
4 57 180 182 326 7 
6
4 57 180 183 582 8 
6
4 58 324 327 583 8 
6
5 101 181 182 326 7 
6
5 101 181 183 582 8 
6
5 102 325 327 583 8 
6
6 182 326 327 583 8 
6
9 23 36 37 61 11 
6
9 23 36 38 105 12 
6
9 23 36 39 185 13 
6
9 23 36 40 329 14 
6
9 23 36 41 585 15 
6
9 24 60 62 106 12 
6
9 24 60 63 186 13 
6
9 24 60 64 330 14 
6
9 24 60 65 586 15 
6
9 25 104 107 187 13 
6
9 25 104 108 331 14 
6
9 25 104 109 587 15 
6
9 26 184 188 332 14 
6
9 26 184 189 588 15 
6
9 27 328 333 589 15 
6
10 37 61 62 106 12 
6
10 37 61 63 186 13 
6
10 37 61 64 330 14 
6
10 37 61 65 586 15 
6
10 38 105 107 187 13 
6
10 38 105 108 331 14 
6
10 38 105 109 587 15 
6
10 39 185 188 332 14 
6
10 39 185 189 588 15 
6
10 40 329 333 589 15 
6
11 62 106 107 187 13 
6
11 62 106 108 331 14 
6
11 62 106 109 587 15 
6
11 63 186 188 332 14 
6
11 63 186 189 588 15 
6
11 64 330 333 589 15 
6
12 107 187 188 332 14 
6
12 107 187 189 588 15 
6
12 108 331 333 589 15 
6
13 188 332 333 589 15 
6
16 23 42 43 67 18 
6
16 23 42 44 111 19 
6
16 23 42 45 191 20 
6
16 23 42 46 335 21 
6
16 23 42 47 591 22 
6
16 24 66 68 112 19 
6
16 24 66 69 192 20 
6
16 24 66 70 336 21 
6
16 24 66 71 592 22 
6
16 25 110 113 193 20 
6
16 25 110 114 337 21 
6
16 25 110 115 593 22 
6
16 26 190 194 338 21 
6
16 26 190 195 594 22 
6
16 27 334 339 595 22 
6
17 43 67 68 112 19 
6
17 43 67 69 192 20 
6
17 43 67 70 336 21 
6
17 43 67 71 592 22 
6
17 44 111 113 193 20 
6
17 44 111 114 337 21 
6
17 44 111 115 593 22 
6
17 45 191 194 338 21 
6
17 45 191 195 594 22 
6
17 46 335 339 595 22 
6
18 68 112 113 193 20 
6
18 68 112 114 337 21 
6
18 68 112 115 593 22 
6
18 69 192 194 338 21 
6
18 69 192 195 594 22 
6
18 70 336 339 595 22 
6
19 113 193 194 338 21 
6
19 113 193 195 594 22 
6
19 114 337 339 595 22 
6
20 194 338 339 595 22 
6
23 48 72 73 117 25 
6
23 48 72 74 197 26 
6
23 48 72 75 341 27 
6
23 48 72 76 597 28 
6
23 49 116 118 198 26 
6
23 49 116 119 342 27 
6
23 49 116 120 598 28 
6
23 50 196 199 343 27 
6
23 50 196 200 599 28 
6
23 51 340 344 600 28 
6
24 73 117 118 198 26 
6
24 73 117 119 342 27 
6
24 73 117 120 598 28 
6
24 74 197 199 343 27 
6
24 74 197 200 599 28 
6
24 75 341 344 600 28 
6
25 118 198 199 343 27 
6
25 118 198 200 599 28 
6
25 119 342 344 600 28 
6
26 199 343 344 600 28 
6
29 36 42 43 78 31 
6
29 36 42 44 122 32 
6
29 36 42 45 202 33 
6
29 36 42 46 346 34 
6
29 36 42 47 602 35 
6
29 37 77 79 123 32 
6
29 37 77 80 203 33 
6
29 37 77 81 347 34 
6
29 37 77 82 603 35 
6
29 38 121 124 204 33 
6
29 38 121 125 348 34 
6
29 38 121 126 604 35 
6
29 39 201 205 349 34 
6
29 39 201 206 605 35 
6
29 40 345 350 606 35 
6
30 43 78 79 123 32 
6
30 43 78 80 203 33 
6
30 43 78 81 347 34 
6
30 43 78 82 603 35 
6
30 44 122 124 204 33 
6
30 44 122 125 348 34 
6
30 44 122 126 604 35 
6
30 45 202 205 349 34 
6
30 45 202 206 605 35 
6
30 46 346 350 606 35 
6
31 79 123 124 204 33 
6
31 79 123 125 348 34 
6
31 79 123 126 604 35 
6
31 80 203 205 349 34 
6
31 80 203 206 605 35 
6
31 81 347 350 606 35 
6
32 124 204 205 349 34 
6
32 124 204 206 605 35 
6
32 125 348 350 606 35 
6
33 205 349 350 606 35 
6
36 48 83 84 128 38 
6
36 48 83 85 208 39 
6
36 48 83 86 352 40 
6
36 48 83 87 608 41 
6
36 49 127 129 209 39 
6
36 49 127 130 353 40 
6
36 49 127 131 609 41 
6
36 50 207 210 354 40 
6
36 50 207 211 610 41 
6
36 51 351 355 611 41 
6
37 84 128 129 209 39 
6
37 84 128 130 353 40 
6
37 84 128 131 609 41 
6
37 85 208 210 354 40 
6
37 85 208 211 610 41 
6
37 86 352 355 611 41 
6
38 129 209 210 354 40 
6
38 129 209 211 610 41 
6
38 130 353 355 611 41 
6
39 210 354 355 611 41 
6
42 48 88 89 133 44 
6
42 48 88 90 213 45 
6
42 48 88 91 357 46 
6
42 48 88 92 613 47 
6
42 49 132 134 214 45 
6
42 49 132 135 358 46 
6
42 49 132 136 614 47 
6
42 50 212 215 359 46 
6
42 50 212 216 615 47 
6
42 51 356 360 616 47 
6
43 89 133 134 214 45 
6
43 89 133 135 358 46 
6
43 89 133 136 614 47 
6
43 90 213 215 359 46 
6
43 90 213 216 615 47 
6
43 91 357 360 616 47 
6
44 134 214 215 359 46 
6
44 134 214 216 615 47 
6
44 135 358 360 616 47 
6
45 215 359 360 616 47 
6
48 93 137 138 218 50 
6
48 93 137 139 362 51 
6
48 93 137 140 618 52 
6
48 94 217 219 363 51 
6
48 94 217 220 619 52 
6
48 95 361 364 620 52 
6
49 138 218 219 363 51 
6
49 138 218 220 619 52 
6
49 139 362 364 620 52 
6
50 219 363 364 620 52 
6
53 60 66 67 78 55 
6
53 60 66 68 142 56 
6
53 60 66 69 222 57 
6
53 60 66 70 366 58 
6
53 60 66 71 622 59 
6
53 61 77 79 143 56 
6
53 61 77 80 223 57 
6
53 61 77 81 367 58 
6
53 61 77 82 623 59 
6
53 62 141 144 224 57 
6
53 62 141 145 368 58 
6
53 62 141 146 624 59 
6
53 63 221 225 369 58 
6
53 63 221 226 625 59 
6
53 64 365 370 626 59 
6
54 67 78 79 143 56 
6
54 67 78 80 223 57 
6
54 67 78 81 367 58 
6
54 67 78 82 623 59 
6
54 68 142 144 224 57 
6
54 68 142 145 368 58 
6
54 68 142 146 624 59 
6
54 69 222 225 369 58 
6
54 69 222 226 625 59 
6
54 70 366 370 626 59 
6
55 79 143 144 224 57 
6
55 79 143 145 368 58 
6
55 79 143 146 624 59 
6
55 80 223 225 369 58 
6
55 80 223 226 625 59 
6
55 81 367 370 626 59 
6
56 144 224 225 369 58 
6
56 144 224 226 625 59 
6
56 145 368 370 626 59 
6
57 225 369 370 626 59 
6
60 72 83 84 148 62 
6
60 72 83 85 228 63 
6
60 72 83 86 372 64 
6
60 72 83 87 628 65 
6
60 73 147 149 229 63 
6
60 73 147 150 373 64 
6
60 73 147 151 629 65 
6
60 74 227 230 374 64 
6
60 74 227 231 630 65 
6
60 75 371 375 631 65 
6
61 84 148 149 229 63 
6
61 84 148 150 373 64 
6
61 84 148 151 629 65 
6
61 85 228 230 374 64 
6
61 85 228 231 630 65 
6
61 86 372 375 631 65 
6
62 149 229 230 374 64 
6
62 149 229 231 630 65 
6
62 150 373 375 631 65 
6
63 230 374 375 631 65 
6
66 72 88 89 153 68 
6
66 72 88 90 233 69 
6
66 72 88 91 377 70 
6
66 72 88 92 633 71 
6
66 73 152 154 234 69 
6
66 73 152 155 378 70 
6
66 73 152 156 634 71 
6
66 74 232 235 379 70 
6
66 74 232 236 635 71 
6
66 75 376 380 636 71 
6
67 89 153 154 234 69 
6
67 89 153 155 378 70 
6
67 89 153 156 634 71 
6
67 90 233 235 379 70 
6
67 90 233 236 635 71 
6
67 91 377 380 636 71 
6
68 154 234 235 379 70 
6
68 154 234 236 635 71 
6
68 155 378 380 636 71 
6
69 235 379 380 636 71 
6
72 93 157 158 238 74 
6
72 93 157 159 382 75 
6
72 93 157 160 638 76 
6
72 94 237 239 383 75 
6
72 94 237 240 639 76 
6
72 95 381 384 640 76 
6
73 158 238 239 383 75 
6
73 158 238 240 639 76 
6
73 159 382 384 640 76 
6
74 239 383 384 640 76 
6
77 83 88 89 162 79 
6
77 83 88 90 242 80 
6
77 83 88 91 386 81 
6
77 83 88 92 642 82 
6
77 84 161 163 243 80 
6
77 84 161 164 387 81 
6
77 84 161 165 643 82 
6
77 85 241 244 388 81 
6
77 85 241 245 644 82 
6
77 86 385 389 645 82 
6
78 89 162 163 243 80 
6
78 89 162 164 387 81 
6
78 89 162 165 643 82 
6
78 90 242 244 388 81 
6
78 90 242 245 644 82 
6
78 91 386 389 645 82 
6
79 163 243 244 388 81 
6
79 163 243 245 644 82 
6
79 164 387 389 645 82 
6
80 244 388 389 645 82 
6
83 93 166 167 247 85 
6
83 93 166 168 391 86 
6
83 93 166 169 647 87 
6
83 94 246 248 392 86 
6
83 94 246 249 648 87 
6
83 95 390 393 649 87 
6
84 167 247 248 392 86 
6
84 167 247 249 648 87 
6
84 168 391 393 649 87 
6
85 248 392 393 649 87 
6
88 93 170 171 251 90 
6
88 93 170 172 395 91 
6
88 93 170 173 651 92 
6
88 94 250 252 396 91 
6
88 94 250 253 652 92 
6
88 95 394 397 653 92 
6
89 171 251 252 396 91 
6
89 171 251 253 652 92 
6
89 172 395 397 653 92 
6
90 252 396 397 653 92 
6
93 174 254 255 399 95 
6
93 174 254 256 655 96 
6
93 175 398 400 656 96 
6
94 255 399 400 656 96 
6
97 104 110 111 122 99 
6
97 104 110 112 142 100 
6
97 104 110 113 258 101 
6
97 104 110 114 402 102 
6
97 104 110 115 658 103 
6
97 105 121 123 143 100 
6
97 105 121 124 259 101 
6
97 105 121 125 403 102 
6
97 105 121 126 659 103 
6
97 106 141 144 260 101 
6
97 106 141 145 404 102 
6
97 106 141 146 660 103 
6
97 107 257 261 405 102 
6
97 107 257 262 661 103 
6
97 108 401 406 662 103 
6
98 111 122 123 143 100 
6
98 111 122 124 259 101 
6
98 111 122 125 403 102 
6
98 111 122 126 659 103 
6
98 112 142 144 260 101 
6
98 112 142 145 404 102 
6
98 112 142 146 660 103 
6
98 113 258 261 405 102 
6
98 113 258 262 661 103 
6
98 114 402 406 662 103 
6
99 123 143 144 260 101 
6
99 123 143 145 404 102 
6
99 123 143 146 660 103 
6
99 124 259 261 405 102 
6
99 124 259 262 661 103 
6
99 125 403 406 662 103 
6
100 144 260 261 405 102 
6
100 144 260 262 661 103 
6
100 145 404 406 662 103 
6
101 261 405 406 662 103 
6
104 116 127 128 148 106 
6
104 116 127 129 264 107 
6
104 116 127 130 408 108 
6
104 116 127 131 664 109 
6
104 117 147 149 265 107 
6
104 117 147 150 409 108 
6
104 117 147 151 665 109 
6
104 118 263 266 410 108 
6
104 118 263 267 666 109 
6
104 119 407 411 667 109 
6
105 128 148 149 265 107 
6
105 128 148 150 409 108 
6
105 128 148 151 665 109 
6
105 129 264 266 410 108 
6
105 129 264 267 666 109 
6
105 130 408 411 667 109 
6
106 149 265 266 410 108 
6
106 149 265 267 666 109 
6
106 150 409 411 667 109 
6
107 266 410 411 667 109 
6
110 116 132 133 153 112 
6
110 116 132 134 269 113 
6
110 116 132 135 413 114 
6
110 116 132 136 669 115 
6
110 117 152 154 270 113 
6
110 117 152 155 414 114 
6
110 117 152 156 670 115 
6
110 118 268 271 415 114 
6
110 118 268 272 671 115 
6
110 119 412 416 672 115 
6
111 133 153 154 270 113 
6
111 133 153 155 414 114 
6
111 133 153 156 670 115 
6
111 134 269 271 415 114 
6
111 134 269 272 671 115 
6
111 135 413 416 672 115 
6
112 154 270 271 415 114 
6
112 154 270 272 671 115 
6
112 155 414 416 672 115 
6
113 271 415 416 672 115 
6
116 137 157 158 274 118 
6
116 137 157 159 418 119 
6
116 137 157 160 674 120 
6
116 138 273 275 419 119 
6
116 138 273 276 675 120 
6
116 139 417 420 676 120 
6
117 158 274 275 419 119 
6
117 158 274 276 675 120 
6
117 159 418 420 676 120 
6
118 275 419 420 676 120 
6
121 127 132 133 162 123 
6
121 127 132 134 278 124 
6
121 127 132 135 422 125 
6
121 127 132 136 678 126 
6
121 128 161 163 279 124 
6
121 128 161 164 423 125 
6
121 128 161 165 679 126 
6
121 129 277 280 424 125 
6
121 129 277 281 680 126 
6
121 130 421 425 681 126 
6
122 133 162 163 279 124 
6
122 133 162 164 423 125 
6
122 133 162 165 679 126 
6
122 134 278 280 424 125 
6
122 134 278 281 680 126 
6
122 135 422 425 681 126 
6
123 163 279 280 424 125 
6
123 163 279 281 680 126 
6
123 164 423 425 681 126 
6
124 280 424 425 681 126 
6
127 137 166 167 283 129 
6
127 137 166 168 427 130 
6
127 137 166 169 683 131 
6
127 138 282 284 428 130 
6
127 138 282 285 684 131 
6
127 139 426 429 685 131 
6
128 167 283 284 428 130 
6
128 167 283 285 684 131 
6
128 168 427 429 685 131 
6
129 284 428 429 685 131 
6
132 137 170 171 287 134 
6
132 137 170 172 431 135 
6
132 137 170 173 687 136 
6
132 138 286 288 432 135 
6
132 138 286 289 688 136 
6
132 139 430 433 689 136 
6
133 171 287 288 432 135 
6
133 171 287 289 688 136 
6
133 172 431 433 689 136 
6
134 288 432 433 689 136 
6
137 174 290 291 435 139 
6
137 174 290 292 691 140 
6
137 175 434 436 692 140 
6
138 291 435 436 692 140 
6
141 147 152 153 162 143 
6
141 147 152 154 294 144 
6
141 147 152 155 438 145 
6
141 147 152 156 694 146 
6
141 148 161 163 295 144 
6
141 148 161 164 439 145 
6
141 148 161 165 695 146 
6
141 149 293 296 440 145 
6
141 149 293 297 696 146 
6
141 150 437 441 697 146 
6
142 153 162 163 295 144 
6
142 153 162 164 439 145 
6
142 153 162 165 695 146 
6
142 154 294 296 440 145 
6
142 154 294 297 696 146 
6
142 155 438 441 697 146 
6
143 163 295 296 440 145 
6
143 163 295 297 696 146 
6
143 164 439 441 697 146 
6
144 296 440 441 697 146 
6
147 157 166 167 299 149 
6
147 157 166 168 443 150 
6
147 157 166 169 699 151 
6
147 158 298 300 444 150 
6
147 158 298 301 700 151 
6
147 159 442 445 701 151 
6
148 167 299 300 444 150 
6
148 167 299 301 700 151 
6
148 168 443 445 701 151 
6
149 300 444 445 701 151 
6
152 157 170 171 303 154 
6
152 157 170 172 447 155 
6
152 157 170 173 703 156 
6
152 158 302 304 448 155 
6
152 158 302 305 704 156 
6
152 159 446 449 705 156 
6
153 171 303 304 448 155 
6
153 171 303 305 704 156 
6
153 172 447 449 705 156 
6
154 304 448 449 705 156 
6
157 174 306 307 451 159 
6
157 174 306 308 707 160 
6
157 175 450 452 708 160 
6
158 307 451 452 708 160 
6
161 166 170 171 310 163 
6
161 166 170 172 454 164 
6
161 166 170 173 710 165 
6
161 167 309 311 455 164 
6
161 167 309 312 711 165 
6
161 168 453 456 712 165 
6
162 171 310 311 455 164 
6
162 171 310 312 711 165 
6
162 172 454 456 712 165 
6
163 311 455 456 712 165 
6
166 174 313 314 458 168 
6
166 174 313 315 714 169 
6
166 175 457 459 715 169 
6
167 314 458 459 715 169 
6
170 174 316 317 461 172 
6
170 174 316 318 717 173 
6
170 175 460 462 718 173 
6
171 317 461 462 718 173 
6
174 319 463 464 720 176 
6
177 184 190 191 202 179 
6
177 184 190 192 222 180 
6
177 184 190 193 258 181 
6
177 184 190 194 466 182 
6
177 184 190 195 722 183 
6
177 185 201 203 223 180 
6
177 185 201 204 259 181 
6
177 185 201 205 467 182 
6
177 185 201 206 723 183 
6
177 186 221 224 260 181 
6
177 186 221 225 468 182 
6
177 186 221 226 724 183 
6
177 187 257 261 469 182 
6
177 187 257 262 725 183 
6
177 188 465 470 726 183 
6
178 191 202 203 223 180 
6
178 191 202 204 259 181 
6
178 191 202 205 467 182 
6
178 191 202 206 723 183 
6
178 192 222 224 260 181 
6
178 192 222 225 468 182 
6
178 192 222 226 724 183 
6
178 193 258 261 469 182 
6
178 193 258 262 725 183 
6
178 194 466 470 726 183 
6
179 203 223 224 260 181 
6
179 203 223 225 468 182 
6
179 203 223 226 724 183 
6
179 204 259 261 469 182 
6
179 204 259 262 725 183 
6
179 205 467 470 726 183 
6
180 224 260 261 469 182 
6
180 224 260 262 725 183 
6
180 225 468 470 726 183 
6
181 261 469 470 726 183 
6
184 196 207 208 228 186 
6
184 196 207 209 264 187 
6
184 196 207 210 472 188 
6
184 196 207 211 728 189 
6
184 197 227 229 265 187 
6
184 197 227 230 473 188 
6
184 197 227 231 729 189 
6
184 198 263 266 474 188 
6
184 198 263 267 730 189 
6
184 199 471 475 731 189 
6
185 208 228 229 265 187 
6
185 208 228 230 473 188 
6
185 208 228 231 729 189 
6
185 209 264 266 474 188 
6
185 209 264 267 730 189 
6
185 210 472 475 731 189 
6
186 229 265 266 474 188 
6
186 229 265 267 730 189 
6
186 230 473 475 731 189 
6
187 266 474 475 731 189 
6
190 196 212 213 233 192 
6
190 196 212 214 269 193 
6
190 196 212 215 477 194 
6
190 196 212 216 733 195 
6
190 197 232 234 270 193 
6
190 197 232 235 478 194 
6
190 197 232 236 734 195 
6
190 198 268 271 479 194 
6
190 198 268 272 735 195 
6
190 199 476 480 736 195 
6
191 213 233 234 270 193 
6
191 213 233 235 478 194 
6
191 213 233 236 734 195 
6
191 214 269 271 479 194 
6
191 214 269 272 735 195 
6
191 215 477 480 736 195 
6
192 234 270 271 479 194 
6
192 234 270 272 735 195 
6
192 235 478 480 736 195 
6
193 271 479 480 736 195 
6
196 217 237 238 274 198 
6
196 217 237 239 482 199 
6
196 217 237 240 738 200 
6
196 218 273 275 483 199 
6
196 218 273 276 739 200 
6
196 219 481 484 740 200 
6
197 238 274 275 483 199 
6
197 238 274 276 739 200 
6
197 239 482 484 740 200 
6
198 275 483 484 740 200 
6
201 207 212 213 242 203 
6
201 207 212 214 278 204 
6
201 207 212 215 486 205 
6
201 207 212 216 742 206 
6
201 208 241 243 279 204 
6
201 208 241 244 487 205 
6
201 208 241 245 743 206 
6
201 209 277 280 488 205 
6
201 209 277 281 744 206 
6
201 210 485 489 745 206 
6
202 213 242 243 279 204 
6
202 213 242 244 487 205 
6
202 213 242 245 743 206 
6
202 214 278 280 488 205 
6
202 214 278 281 744 206 
6
202 215 486 489 745 206 
6
203 243 279 280 488 205 
6
203 243 279 281 744 206 
6
203 244 487 489 745 206 
6
204 280 488 489 745 206 
6
207 217 246 247 283 209 
6
207 217 246 248 491 210 
6
207 217 246 249 747 211 
6
207 218 282 284 492 210 
6
207 218 282 285 748 211 
6
207 219 490 493 749 211 
6
208 247 283 284 492 210 
6
208 247 283 285 748 211 
6
208 248 491 493 749 211 
6
209 284 492 493 749 211 
6
212 217 250 251 287 214 
6
212 217 250 252 495 215 
6
212 217 250 253 751 216 
6
212 218 286 288 496 215 
6
212 218 286 289 752 216 
6
212 219 494 497 753 216 
6
213 251 287 288 496 215 
6
213 251 287 289 752 216 
6
213 252 495 497 753 216 
6
214 288 496 497 753 216 
6
217 254 290 291 499 219 
6
217 254 290 292 755 220 
6
217 255 498 500 756 220 
6
218 291 499 500 756 220 
6
221 227 232 233 242 223 
6
221 227 232 234 294 224 
6
221 227 232 235 502 225 
6
221 227 232 236 758 226 
6
221 228 241 243 295 224 
6
221 228 241 244 503 225 
6
221 228 241 245 759 226 
6
221 229 293 296 504 225 
6
221 229 293 297 760 226 
6
221 230 501 505 761 226 
6
222 233 242 243 295 224 
6
222 233 242 244 503 225 
6
222 233 242 245 759 226 
6
222 234 294 296 504 225 
6
222 234 294 297 760 226 
6
222 235 502 505 761 226 
6
223 243 295 296 504 225 
6
223 243 295 297 760 226 
6
223 244 503 505 761 226 
6
224 296 504 505 761 226 
6
227 237 246 247 299 229 
6
227 237 246 248 507 230 
6
227 237 246 249 763 231 
6
227 238 298 300 508 230 
6
227 238 298 301 764 231 
6
227 239 506 509 765 231 
6
228 247 299 300 508 230 
6
228 247 299 301 764 231 
6
228 248 507 509 765 231 
6
229 300 508 509 765 231 
6
232 237 250 251 303 234 
6
232 237 250 252 511 235 
6
232 237 250 253 767 236 
6
232 238 302 304 512 235 
6
232 238 302 305 768 236 
6
232 239 510 513 769 236 
6
233 251 303 304 512 235 
6
233 251 303 305 768 236 
6
233 252 511 513 769 236 
6
234 304 512 513 769 236 
6
237 254 306 307 515 239 
6
237 254 306 308 771 240 
6
237 255 514 516 772 240 
6
238 307 515 516 772 240 
6
241 246 250 251 310 243 
6
241 246 250 252 518 244 
6
241 246 250 253 774 245 
6
241 247 309 311 519 244 
6
241 247 309 312 775 245 
6
241 248 517 520 776 245 
6
242 251 310 311 519 244 
6
242 251 310 312 775 245 
6
242 252 518 520 776 245 
6
243 311 519 520 776 245 
6
246 254 313 314 522 248 
6
246 254 313 315 778 249 
6
246 255 521 523 779 249 
6
247 314 522 523 779 249 
6
250 254 316 317 525 252 
6
250 254 316 318 781 253 
6
250 255 524 526 782 253 
6
251 317 525 526 782 253 
6
254 319 527 528 784 256 
6
257 263 268 269 278 259 
6
257 263 268 270 294 260 
6
257 263 268 271 530 261 
6
257 263 268 272 786 262 
6
257 264 277 279 295 260 
6
257 264 277 280 531 261 
6
257 264 277 281 787 262 
6
257 265 293 296 532 261 
6
257 265 293 297 788 262 
6
257 266 529 533 789 262 
6
258 269 278 279 295 260 
6
258 269 278 280 531 261 
6
258 269 278 281 787 262 
6
258 270 294 296 532 261 
6
258 270 294 297 788 262 
6
258 271 530 533 789 262 
6
259 279 295 296 532 261 
6
259 279 295 297 788 262 
6
259 280 531 533 789 262 
6
260 296 532 533 789 262 
6
263 273 282 283 299 265 
6
263 273 282 284 535 266 
6
263 273 282 285 791 267 
6
263 274 298 300 536 266 
6
263 274 298 301 792 267 
6
263 275 534 537 793 267 
6
264 283 299 300 536 266 
6
264 283 299 301 792 267 
6
264 284 535 537 793 267 
6
265 300 536 537 793 267 
6
268 273 286 287 303 270 
6
268 273 286 288 539 271 
6
268 273 286 289 795 272 
6
268 274 302 304 540 271 
6
268 274 302 305 796 272 
6
268 275 538 541 797 272 
6
269 287 303 304 540 271 
6
269 287 303 305 796 272 
6
269 288 539 541 797 272 
6
270 304 540 541 797 272 
6
273 290 306 307 543 275 
6
273 290 306 308 799 276 
6
273 291 542 544 800 276 
6
274 307 543 544 800 276 
6
277 282 286 287 310 279 
6
277 282 286 288 546 280 
6
277 282 286 289 802 281 
6
277 283 309 311 547 280 
6
277 283 309 312 803 281 
6
277 284 545 548 804 281 
6
278 287 310 311 547 280 
6
278 287 310 312 803 281 
6
278 288 546 548 804 281 
6
279 311 547 548 804 281 
6
282 290 313 314 550 284 
6
282 290 313 315 806 285 
6
282 291 549 551 807 285 
6
283 314 550 551 807 285 
6
286 290 316 317 553 288 
6
286 290 316 318 809 289 
6
286 291 552 554 810 289 
6
287 317 553 554 810 289 
6
290 319 555 556 812 292 
6
293 298 302 303 310 295 
6
293 298 302 304 558 296 
6
293 298 302 305 814 297 
6
293 299 309 311 559 296 
6
293 299 309 312 815 297 
6
293 300 557 560 816 297 
6
294 303 310 311 559 296 
6
294 303 310 312 815 297 
6
294 304 558 560 816 297 
6
295 311 559 560 816 297 
6
298 306 313 314 562 300 
6
298 306 313 315 818 301 
6
298 307 561 563 819 301 
6
299 314 562 563 819 301 
6
302 306 316 317 565 304 
6
302 306 316 318 821 305 
6
302 307 564 566 822 305 
6
303 317 565 566 822 305 
6
306 319 567 568 824 308 
6
309 313 316 317 570 311 
6
309 313 316 318 826 312 
6
309 314 569 571 827 312 
6
310 317 570 571 827 312 
6
313 319 572 573 829 315 
6
316 319 574 575 831 318 
6
321 328 334 335 346 323 
6
321 328 334 336 366 324 
6
321 328 334 337 402 325 
6
321 328 334 338 466 326 
6
321 328 334 339 834 327 
6
321 329 345 347 367 324 
6
321 329 345 348 403 325 
6
321 329 345 349 467 326 
6
321 329 345 350 835 327 
6
321 330 365 368 404 325 
6
321 330 365 369 468 326 
6
321 330 365 370 836 327 
6
321 331 401 405 469 326 
6
321 331 401 406 837 327 
6
321 332 465 470 838 327 
6
322 335 346 347 367 324 
6
322 335 346 348 403 325 
6
322 335 346 349 467 326 
6
322 335 346 350 835 327 
6
322 336 366 368 404 325 
6
322 336 366 369 468 326 
6
322 336 366 370 836 327 
6
322 337 402 405 469 326 
6
322 337 402 406 837 327 
6
322 338 466 470 838 327 
6
323 347 367 368 404 325 
6
323 347 367 369 468 326 
6
323 347 367 370 836 327 
6
323 348 403 405 469 326 
6
323 348 403 406 837 327 
6
323 349 467 470 838 327 
6
324 368 404 405 469 326 
6
324 368 404 406 837 327 
6
324 369 468 470 838 327 
6
325 405 469 470 838 327 
6
328 340 351 352 372 330 
6
328 340 351 353 408 331 
6
328 340 351 354 472 332 
6
328 340 351 355 840 333 
6
328 341 371 373 409 331 
6
328 341 371 374 473 332 
6
328 341 371 375 841 333 
6
328 342 407 410 474 332 
6
328 342 407 411 842 333 
6
328 343 471 475 843 333 
6
329 352 372 373 409 331 
6
329 352 372 374 473 332 
6
329 352 372 375 841 333 
6
329 353 408 410 474 332 
6
329 353 408 411 842 333 
6
329 354 472 475 843 333 
6
330 373 409 410 474 332 
6
330 373 409 411 842 333 
6
330 374 473 475 843 333 
6
331 410 474 475 843 333 
6
334 340 356 357 377 336 
6
334 340 356 358 413 337 
6
334 340 356 359 477 338 
6
334 340 356 360 845 339 
6
334 341 376 378 414 337 
6
334 341 376 379 478 338 
6
334 341 376 380 846 339 
6
334 342 412 415 479 338 
6
334 342 412 416 847 339 
6
334 343 476 480 848 339 
6
335 357 377 378 414 337 
6
335 357 377 379 478 338 
6
335 357 377 380 846 339 
6
335 358 413 415 479 338 
6
335 358 413 416 847 339 
6
335 359 477 480 848 339 
6
336 378 414 415 479 338 
6
336 378 414 416 847 339 
6
336 379 478 480 848 339 
6
337 415 479 480 848 339 
6
340 361 381 382 418 342 
6
340 361 381 383 482 343 
6
340 361 381 384 850 344 
6
340 362 417 419 483 343 
6
340 362 417 420 851 344 
6
340 363 481 484 852 344 
6
341 382 418 419 483 343 
6
341 382 418 420 851 344 
6
341 383 482 484 852 344 
6
342 419 483 484 852 344 
6
345 351 356 357 386 347 
6
345 351 356 358 422 348 
6
345 351 356 359 486 349 
6
345 351 356 360 854 350 
6
345 352 385 387 423 348 
6
345 352 385 388 487 349 
6
345 352 385 389 855 350 
6
345 353 421 424 488 349 
6
345 353 421 425 856 350 
6
345 354 485 489 857 350 
6
346 357 386 387 423 348 
6
346 357 386 388 487 349 
6
346 357 386 389 855 350 
6
346 358 422 424 488 349 
6
346 358 422 425 856 350 
6
346 359 486 489 857 350 
6
347 387 423 424 488 349 
6
347 387 423 425 856 350 
6
347 388 487 489 857 350 
6
348 424 488 489 857 350 
6
351 361 390 391 427 353 
6
351 361 390 392 491 354 
6
351 361 390 393 859 355 
6
351 362 426 428 492 354 
6
351 362 426 429 860 355 
6
351 363 490 493 861 355 
6
352 391 427 428 492 354 
6
352 391 427 429 860 355 
6
352 392 491 493 861 355 
6
353 428 492 493 861 355 
6
356 361 394 395 431 358 
6
356 361 394 396 495 359 
6
356 361 394 397 863 360 
6
356 362 430 432 496 359 
6
356 362 430 433 864 360 
6
356 363 494 497 865 360 
6
357 395 431 432 496 359 
6
357 395 431 433 864 360 
6
357 396 495 497 865 360 
6
358 432 496 497 865 360 
6
361 398 434 435 499 363 
6
361 398 434 436 867 364 
6
361 399 498 500 868 364 
6
362 435 499 500 868 364 
6
365 371 376 377 386 367 
6
365 371 376 378 438 368 
6
365 371 376 379 502 369 
6
365 371 376 380 870 370 
6
365 372 385 387 439 368 
6
365 372 385 388 503 369 
6
365 372 385 389 871 370 
6
365 373 437 440 504 369 
6
365 373 437 441 872 370 
6
365 374 501 505 873 370 
6
366 377 386 387 439 368 
6
366 377 386 388 503 369 
6
366 377 386 389 871 370 
6
366 378 438 440 504 369 
6
366 378 438 441 872 370 
6
366 379 502 505 873 370 
6
367 387 439 440 504 369 
6
367 387 439 441 872 370 
6
367 388 503 505 873 370 
6
368 440 504 505 873 370 
6
371 381 390 391 443 373 
6
371 381 390 392 507 374 
6
371 381 390 393 875 375 
6
371 382 442 444 508 374 
6
371 382 442 445 876 375 
6
371 383 506 509 877 375 
6
372 391 443 444 508 374 
6
372 391 443 445 876 375 
6
372 392 507 509 877 375 
6
373 444 508 509 877 375 
6
376 381 394 395 447 378 
6
376 381 394 396 511 379 
6
376 381 394 397 879 380 
6
376 382 446 448 512 379 
6
376 382 446 449 880 380 
6
376 383 510 513 881 380 
6
377 395 447 448 512 379 
6
377 395 447 449 880 380 
6
377 396 511 513 881 380 
6
378 448 512 513 881 380 
6
381 398 450 451 515 383 
6
381 398 450 452 883 384 
6
381 399 514 516 884 384 
6
382 451 515 516 884 384 
6
385 390 394 395 454 387 
6
385 390 394 396 518 388 
6
385 390 394 397 886 389 
6
385 391 453 455 519 388 
6
385 391 453 456 887 389 
6
385 392 517 520 888 389 
6
386 395 454 455 519 388 
6
386 395 454 456 887 389 
6
386 396 518 520 888 389 
6
387 455 519 520 888 389 
6
390 398 457 458 522 392 
6
390 398 457 459 890 393 
6
390 399 521 523 891 393 
6
391 458 522 523 891 393 
6
394 398 460 461 525 396 
6
394 398 460 462 893 397 
6
394 399 524 526 894 397 
6
395 461 525 526 894 397 
6
398 463 527 528 896 400 
6
401 407 412 413 422 403 
6
401 407 412 414 438 404 
6
401 407 412 415 530 405 
6
401 407 412 416 898 406 
6
401 408 421 423 439 404 
6
401 408 421 424 531 405 
6
401 408 421 425 899 406 
6
401 409 437 440 532 405 
6
401 409 437 441 900 406 
6
401 410 529 533 901 406 
6
402 413 422 423 439 404 
6
402 413 422 424 531 405 
6
402 413 422 425 899 406 
6
402 414 438 440 532 405 
6
402 414 438 441 900 406 
6
402 415 530 533 901 406 
6
403 423 439 440 532 405 
6
403 423 439 441 900 406 
6
403 424 531 533 901 406 
6
404 440 532 533 901 406 
6
407 417 426 427 443 409 
6
407 417 426 428 535 410 
6
407 417 426 429 903 411 
6
407 418 442 444 536 410 
6
407 418 442 445 904 411 
6
407 419 534 537 905 411 
6
408 427 443 444 536 410 
6
408 427 443 445 904 411 
6
408 428 535 537 905 411 
6
409 444 536 537 905 411 
6
412 417 430 431 447 414 
6
412 417 430 432 539 415 
6
412 417 430 433 907 416 
6
412 418 446 448 540 415 
6
412 418 446 449 908 416 
6
412 419 538 541 909 416 
6
413 431 447 448 540 415 
6
413 431 447 449 908 416 
6
413 432 539 541 909 416 
6
414 448 540 541 909 416 
6
417 434 450 451 543 419 
6
417 434 450 452 911 420 
6
417 435 542 544 912 420 
6
418 451 543 544 912 420 
6
421 426 430 431 454 423 
6
421 426 430 432 546 424 
6
421 426 430 433 914 425 
6
421 427 453 455 547 424 
6
421 427 453 456 915 425 
6
421 428 545 548 916 425 
6
422 431 454 455 547 424 
6
422 431 454 456 915 425 
6
422 432 546 548 916 425 
6
423 455 547 548 916 425 
6
426 434 457 458 550 428 
6
426 434 457 459 918 429 
6
426 435 549 551 919 429 
6
427 458 550 551 919 429 
6
430 434 460 461 553 432 
6
430 434 460 462 921 433 
6
430 435 552 554 922 433 
6
431 461 553 554 922 433 
6
434 463 555 556 924 436 
6
437 442 446 447 454 439 
6
437 442 446 448 558 440 
6
437 442 446 449 926 441 
6
437 443 453 455 559 440 
6
437 443 453 456 927 441 
6
437 444 557 560 928 441 
6
438 447 454 455 559 440 
6
438 447 454 456 927 441 
6
438 448 558 560 928 441 
6
439 455 559 560 928 441 
6
442 450 457 458 562 444 
6
442 450 457 459 930 445 
6
442 451 561 563 931 445 
6
443 458 562 563 931 445 
6
446 450 460 461 565 448 
6
446 450 460 462 933 449 
6
446 451 564 566 934 449 
6
447 461 565 566 934 449 
6
450 463 567 568 936 452 
6
453 457 460 461 570 455 
6
453 457 460 462 938 456 
6
453 458 569 571 939 456 
6
454 461 570 571 939 456 
6
457 463 572 573 941 459 
6
460 463 574 575 943 462 
6
465 471 476 477 486 467 
6
465 471 476 478 502 468 
6
465 471 476 479 530 469 
6
465 471 476 480 946 470 
6
465 472 485 487 503 468 
6
465 472 485 488 531 469 
6
465 472 485 489 947 470 
6
465 473 501 504 532 469 
6
465 473 501 505 948 470 
6
465 474 529 533 949 470 
6
466 477 486 487 503 468 
6
466 477 486 488 531 469 
6
466 477 486 489 947 470 
6
466 478 502 504 532 469 
6
466 478 502 505 948 470 
6
466 479 530 533 949 470 
6
467 487 503 504 532 469 
6
467 487 503 505 948 470 
6
467 488 531 533 949 470 
6
468 504 532 533 949 470 
6
471 481 490 491 507 473 
6
471 481 490 492 535 474 
6
471 481 490 493 951 475 
6
471 482 506 508 536 474 
6
471 482 506 509 952 475 
6
471 483 534 537 953 475 
6
472 491 507 508 536 474 
6
472 491 507 509 952 475 
6
472 492 535 537 953 475 
6
473 508 536 537 953 475 
6
476 481 494 495 511 478 
6
476 481 494 496 539 479 
6
476 481 494 497 955 480 
6
476 482 510 512 540 479 
6
476 482 510 513 956 480 
6
476 483 538 541 957 480 
6
477 495 511 512 540 479 
6
477 495 511 513 956 480 
6
477 496 539 541 957 480 
6
478 512 540 541 957 480 
6
481 498 514 515 543 483 
6
481 498 514 516 959 484 
6
481 499 542 544 960 484 
6
482 515 543 544 960 484 
6
485 490 494 495 518 487 
6
485 490 494 496 546 488 
6
485 490 494 497 962 489 
6
485 491 517 519 547 488 
6
485 491 517 520 963 489 
6
485 492 545 548 964 489 
6
486 495 518 519 547 488 
6
486 495 518 520 963 489 
6
486 496 546 548 964 489 
6
487 519 547 548 964 489 
6
490 498 521 522 550 492 
6
490 498 521 523 966 493 
6
490 499 549 551 967 493 
6
491 522 550 551 967 493 
6
494 498 524 525 553 496 
6
494 498 524 526 969 497 
6
494 499 552 554 970 497 
6
495 525 553 554 970 497 
6
498 527 555 556 972 500 
6
501 506 510 511 518 503 
6
501 506 510 512 558 504 
6
501 506 510 513 974 505 
6
501 507 517 519 559 504 
6
501 507 517 520 975 505 
6
501 508 557 560 976 505 
6
502 511 518 519 559 504 
6
502 511 518 520 975 505 
6
502 512 558 560 976 505 
6
503 519 559 560 976 505 
6
506 514 521 522 562 508 
6
506 514 521 523 978 509 
6
506 515 561 563 979 509 
6
507 522 562 563 979 509 
6
510 514 524 525 565 512 
6
510 514 524 526 981 513 
6
510 515 564 566 982 513 
6
511 525 565 566 982 513 
6
514 527 567 568 984 516 
6
517 521 524 525 570 519 
6
517 521 524 526 986 520 
6
517 522 569 571 987 520 
6
518 525 570 571 987 520 
6
521 527 572 573 989 523 
6
524 527 574 575 991 526 
6
529 534 538 539 546 531 
6
529 534 538 540 558 532 
6
529 534 538 541 994 533 
6
529 535 545 547 559 532 
6
529 535 545 548 995 533 
6
529 536 557 560 996 533 
6
530 539 546 547 559 532 
6
530 539 546 548 995 533 
6
530 540 558 560 996 533 
6
531 547 559 560 996 533 
6
534 542 549 550 562 536 
6
534 542 549 551 998 537 
6
534 543 561 563 999 537 
6
535 550 562 563 999 537 
6
538 542 552 553 565 540 
6
538 542 552 554 1001 541 
6
538 543 564 566 1002 541 
6
539 553 565 566 1002 541 
6
542 555 567 568 1004 544 
6
545 549 552 553 570 547 
6
545 549 552 554 1006 548 
6
545 550 569 571 1007 548 
6
546 553 570 571 1007 548 
6
549 555 572 573 1009 551 
6
552 555 574 575 1011 554 
6
557 561 564 565 570 559 
6
557 561 564 566 1014 560 
6
557 562 569 571 1015 560 
6
558 565 570 571 1015 560 
6
561 567 572 573 1017 563 
6
564 567 574 575 1019 566 
6
569 572 574 575 1022 571 
6
577 584 590 591 602 579 
6
577 584 590 592 622 580 
6
577 584 590 593 658 581 
6
577 584 590 594 722 582 
6
577 584 590 595 834 583 
6
577 585 601 603 623 580 
6
577 585 601 604 659 581 
6
577 585 601 605 723 582 
6
577 585 601 606 835 583 
6
577 586 621 624 660 581 
6
577 586 621 625 724 582 
6
577 586 621 626 836 583 
6
577 587 657 661 725 582 
6
577 587 657 662 837 583 
6
577 588 721 726 838 583 
6
578 591 602 603 623 580 
6
578 591 602 604 659 581 
6
578 591 602 605 723 582 
6
578 591 602 606 835 583 
6
578 592 622 624 660 581 
6
578 592 622 625 724 582 
6
578 592 622 626 836 583 
6
578 593 658 661 725 582 
6
578 593 658 662 837 583 
6
578 594 722 726 838 583 
6
579 603 623 624 660 581 
6
579 603 623 625 724 582 
6
579 603 623 626 836 583 
6
579 604 659 661 725 582 
6
579 604 659 662 837 583 
6
579 605 723 726 838 583 
6
580 624 660 661 725 582 
6
580 624 660 662 837 583 
6
580 625 724 726 838 583 
6
581 661 725 726 838 583 
6
584 596 607 608 628 586 
6
584 596 607 609 664 587 
6
584 596 607 610 728 588 
6
584 596 607 611 840 589 
6
584 597 627 629 665 587 
6
584 597 627 630 729 588 
6
584 597 627 631 841 589 
6
584 598 663 666 730 588 
6
584 598 663 667 842 589 
6
584 599 727 731 843 589 
6
585 608 628 629 665 587 
6
585 608 628 630 729 588 
6
585 608 628 631 841 589 
6
585 609 664 666 730 588 
6
585 609 664 667 842 589 
6
585 610 728 731 843 589 
6
586 629 665 666 730 588 
6
586 629 665 667 842 589 
6
586 630 729 731 843 589 
6
587 666 730 731 843 589 
6
590 596 612 613 633 592 
6
590 596 612 614 669 593 
6
590 596 612 615 733 594 
6
590 596 612 616 845 595 
6
590 597 632 634 670 593 
6
590 597 632 635 734 594 
6
590 597 632 636 846 595 
6
590 598 668 671 735 594 
6
590 598 668 672 847 595 
6
590 599 732 736 848 595 
6
591 613 633 634 670 593 
6
591 613 633 635 734 594 
6
591 613 633 636 846 595 
6
591 614 669 671 735 594 
6
591 614 669 672 847 595 
6
591 615 733 736 848 595 
6
592 634 670 671 735 594 
6
592 634 670 672 847 595 
6
592 635 734 736 848 595 
6
593 671 735 736 848 595 
6
596 617 637 638 674 598 
6
596 617 637 639 738 599 
6
596 617 637 640 850 600 
6
596 618 673 675 739 599 
6
596 618 673 676 851 600 
6
596 619 737 740 852 600 
6
597 638 674 675 739 599 
6
597 638 674 676 851 600 
6
597 639 738 740 852 600 
6
598 675 739 740 852 600 
6
601 607 612 613 642 603 
6
601 607 612 614 678 604 
6
601 607 612 615 742 605 
6
601 607 612 616 854 606 
6
601 608 641 643 679 604 
6
601 608 641 644 743 605 
6
601 608 641 645 855 606 
6
601 609 677 680 744 605 
6
601 609 677 681 856 606 
6
601 610 741 745 857 606 
6
602 613 642 643 679 604 
6
602 613 642 644 743 605 
6
602 613 642 645 855 606 
6
602 614 678 680 744 605 
6
602 614 678 681 856 606 
6
602 615 742 745 857 606 
6
603 643 679 680 744 605 
6
603 643 679 681 856 606 
6
603 644 743 745 857 606 
6
604 680 744 745 857 606 
6
607 617 646 647 683 609 
6
607 617 646 648 747 610 
6
607 617 646 649 859 611 
6
607 618 682 684 748 610 
6
607 618 682 685 860 611 
6
607 619 746 749 861 611 
6
608 647 683 684 748 610 
6
608 647 683 685 860 611 
6
608 648 747 749 861 611 
6
609 684 748 749 861 611 
6
612 617 650 651 687 614 
6
612 617 650 652 751 615 
6
612 617 650 653 863 616 
6
612 618 686 688 752 615 
6
612 618 686 689 864 616 
6
612 619 750 753 865 616 
6
613 651 687 688 752 615 
6
613 651 687 689 864 616 
6
613 652 751 753 865 616 
6
614 688 752 753 865 616 
6
617 654 690 691 755 619 
6
617 654 690 692 867 620 
6
617 655 754 756 868 620 
6
618 691 755 756 868 620 
6
621 627 632 633 642 623 
6
621 627 632 634 694 624 
6
621 627 632 635 758 625 
6
621 627 632 636 870 626 
6
621 628 641 643 695 624 
6
621 628 641 644 759 625 
6
621 628 641 645 871 626 
6
621 629 693 696 760 625 
6
621 629 693 697 872 626 
6
621 630 757 761 873 626 
6
622 633 642 643 695 624 
6
622 633 642 644 759 625 
6
622 633 642 645 871 626 
6
622 634 694 696 760 625 
6
622 634 694 697 872 626 
6
622 635 758 761 873 626 
6
623 643 695 696 760 625 
6
623 643 695 697 872 626 
6
623 644 759 761 873 626 
6
624 696 760 761 873 626 
6
627 637 646 647 699 629 
6
627 637 646 648 763 630 
6
627 637 646 649 875 631 
6
627 638 698 700 764 630 
6
627 638 698 701 876 631 
6
627 639 762 765 877 631 
6
628 647 699 700 764 630 
6
628 647 699 701 876 631 
6
628 648 763 765 877 631 
6
629 700 764 765 877 631 
6
632 637 650 651 703 634 
6
632 637 650 652 767 635 
6
632 637 650 653 879 636 
6
632 638 702 704 768 635 
6
632 638 702 705 880 636 
6
632 639 766 769 881 636 
6
633 651 703 704 768 635 
6
633 651 703 705 880 636 
6
633 652 767 769 881 636 
6
634 704 768 769 881 636 
6
637 654 706 707 771 639 
6
637 654 706 708 883 640 
6
637 655 770 772 884 640 
6
638 707 771 772 884 640 
6
641 646 650 651 710 643 
6
641 646 650 652 774 644 
6
641 646 650 653 886 645 
6
641 647 709 711 775 644 
6
641 647 709 712 887 645 
6
641 648 773 776 888 645 
6
642 651 710 711 775 644 
6
642 651 710 712 887 645 
6
642 652 774 776 888 645 
6
643 711 775 776 888 645 
6
646 654 713 714 778 648 
6
646 654 713 715 890 649 
6
646 655 777 779 891 649 
6
647 714 778 779 891 649 
6
650 654 716 717 781 652 
6
650 654 716 718 893 653 
6
650 655 780 782 894 653 
6
651 717 781 782 894 653 
6
654 719 783 784 896 656 
6
657 663 668 669 678 659 
6
657 663 668 670 694 660 
6
657 663 668 671 786 661 
6
657 663 668 672 898 662 
6
657 664 677 679 695 660 
6
657 664 677 680 787 661 
6
657 664 677 681 899 662 
6
657 665 693 696 788 661 
6
657 665 693 697 900 662 
6
657 666 785 789 901 662 
6
658 669 678 679 695 660 
6
658 669 678 680 787 661 
6
658 669 678 681 899 662 
6
658 670 694 696 788 661 
6
658 670 694 697 900 662 
6
658 671 786 789 901 662 
6
659 679 695 696 788 661 
6
659 679 695 697 900 662 
6
659 680 787 789 901 662 
6
660 696 788 789 901 662 
6
663 673 682 683 699 665 
6
663 673 682 684 791 666 
6
663 673 682 685 903 667 
6
663 674 698 700 792 666 
6
663 674 698 701 904 667 
6
663 675 790 793 905 667 
6
664 683 699 700 792 666 
6
664 683 699 701 904 667 
6
664 684 791 793 905 667 
6
665 700 792 793 905 667 
6
668 673 686 687 703 670 
6
668 673 686 688 795 671 
6
668 673 686 689 907 672 
6
668 674 702 704 796 671 
6
668 674 702 705 908 672 
6
668 675 794 797 909 672 
6
669 687 703 704 796 671 
6
669 687 703 705 908 672 
6
669 688 795 797 909 672 
6
670 704 796 797 909 672 
6
673 690 706 707 799 675 
6
673 690 706 708 911 676 
6
673 691 798 800 912 676 
6
674 707 799 800 912 676 
6
677 682 686 687 710 679 
6
677 682 686 688 802 680 
6
677 682 686 689 914 681 
6
677 683 709 711 803 680 
6
677 683 709 712 915 681 
6
677 684 801 804 916 681 
6
678 687 710 711 803 680 
6
678 687 710 712 915 681 
6
678 688 802 804 916 681 
6
679 711 803 804 916 681 
6
682 690 713 714 806 684 
6
682 690 713 715 918 685 
6
682 691 805 807 919 685 
6
683 714 806 807 919 685 
6
686 690 716 717 809 688 
6
686 690 716 718 921 689 
6
686 691 808 810 922 689 
6
687 717 809 810 922 689 
6
690 719 811 812 924 692 
6
693 698 702 703 710 695 
6
693 698 702 704 814 696 
6
693 698 702 705 926 697 
6
693 699 709 711 815 696 
6
693 699 709 712 927 697 
6
693 700 813 816 928 697 
6
694 703 710 711 815 696 
6
694 703 710 712 927 697 
6
694 704 814 816 928 697 
6
695 711 815 816 928 697 
6
698 706 713 714 818 700 
6
698 706 713 715 930 701 
6
698 707 817 819 931 701 
6
699 714 818 819 931 701 
6
702 706 716 717 821 704 
6
702 706 716 718 933 705 
6
702 707 820 822 934 705 
6
703 717 821 822 934 705 
6
706 719 823 824 936 708 
6
709 713 716 717 826 711 
6
709 713 716 718 938 712 
6
709 714 825 827 939 712 
6
710 717 826 827 939 712 
6
713 719 828 829 941 715 
6
716 719 830 831 943 718 
6
721 727 732 733 742 723 
6
721 727 732 734 758 724 
6
721 727 732 735 786 725 
6
721 727 732 736 946 726 
6
721 728 741 743 759 724 
6
721 728 741 744 787 725 
6
721 728 741 745 947 726 
6
721 729 757 760 788 725 
6
721 729 757 761 948 726 
6
721 730 785 789 949 726 
6
722 733 742 743 759 724 
6
722 733 742 744 787 725 
6
722 733 742 745 947 726 
6
722 734 758 760 788 725 
6
722 734 758 761 948 726 
6
722 735 786 789 949 726 
6
723 743 759 760 788 725 
6
723 743 759 761 948 726 
6
723 744 787 789 949 726 
6
724 760 788 789 949 726 
6
727 737 746 747 763 729 
6
727 737 746 748 791 730 
6
727 737 746 749 951 731 
6
727 738 762 764 792 730 
6
727 738 762 765 952 731 
6
727 739 790 793 953 731 
6
728 747 763 764 792 730 
6
728 747 763 765 952 731 
6
728 748 791 793 953 731 
6
729 764 792 793 953 731 
6
732 737 750 751 767 734 
6
732 737 750 752 795 735 
6
732 737 750 753 955 736 
6
732 738 766 768 796 735 
6
732 738 766 769 956 736 
6
732 739 794 797 957 736 
6
733 751 767 768 796 735 
6
733 751 767 769 956 736 
6
733 752 795 797 957 736 
6
734 768 796 797 957 736 
6
737 754 770 771 799 739 
6
737 754 770 772 959 740 
6
737 755 798 800 960 740 
6
738 771 799 800 960 740 
6
741 746 750 751 774 743 
6
741 746 750 752 802 744 
6
741 746 750 753 962 745 
6
741 747 773 775 803 744 
6
741 747 773 776 963 745 
6
741 748 801 804 964 745 
6
742 751 774 775 803 744 
6
742 751 774 776 963 745 
6
742 752 802 804 964 745 
6
743 775 803 804 964 745 
6
746 754 777 778 806 748 
6
746 754 777 779 966 749 
6
746 755 805 807 967 749 
6
747 778 806 807 967 749 
6
750 754 780 781 809 752 
6
750 754 780 782 969 753 
6
750 755 808 810 970 753 
6
751 781 809 810 970 753 
6
754 783 811 812 972 756 
6
757 762 766 767 774 759 
6
757 762 766 768 814 760 
6
757 762 766 769 974 761 
6
757 763 773 775 815 760 
6
757 763 773 776 975 761 
6
757 764 813 816 976 761 
6
758 767 774 775 815 760 
6
758 767 774 776 975 761 
6
758 768 814 816 976 761 
6
759 775 815 816 976 761 
6
762 770 777 778 818 764 
6
762 770 777 779 978 765 
6
762 771 817 819 979 765 
6
763 778 818 819 979 765 
6
766 770 780 781 821 768 
6
766 770 780 782 981 769 
6
766 771 820 822 982 769 
6
767 781 821 822 982 769 
6
770 783 823 824 984 772 
6
773 777 780 781 826 775 
6
773 777 780 782 986 776 
6
773 778 825 827 987 776 
6
774 781 826 827 987 776 
6
777 783 828 829 989 779 
6
780 783 830 831 991 782 
6
785 790 794 795 802 787 
6
785 790 794 796 814 788 
6
785 790 794 797 994 789 
6
785 791 801 803 815 788 
6
785 791 801 804 995 789 
6
785 792 813 816 996 789 
6
786 795 802 803 815 788 
6
786 795 802 804 995 789 
6
786 796 814 816 996 789 
6
787 803 815 816 996 789 
6
790 798 805 806 818 792 
6
790 798 805 807 998 793 
6
790 799 817 819 999 793 
6
791 806 818 819 999 793 
6
794 798 808 809 821 796 
6
794 798 808 810 1001 797 
6
794 799 820 822 1002 797 
6
795 809 821 822 1002 797 
6
798 811 823 824 1004 800 
6
801 805 808 809 826 803 
6
801 805 808 810 1006 804 
6
801 806 825 827 1007 804 
6
802 809 826 827 1007 804 
6
805 811 828 829 1009 807 
6
808 811 830 831 1011 810 
6
813 817 820 821 826 815 
6
813 817 820 822 1014 816 
6
813 818 825 827 1015 816 
6
814 821 826 827 1015 816 
6
817 823 828 829 1017 819 
6
820 823 830 831 1019 822 
6
825 828 830 831 1022 827 
6
833 839 844 845 854 835 
6
833 839 844 846 870 836 
6
833 839 844 847 898 837 
6
833 839 844 848 946 838 
6
833 840 853 855 871 836 
6
833 840 853 856 899 837 
6
833 840 853 857 947 838 
6
833 841 869 872 900 837 
6
833 841 869 873 948 838 
6
833 842 897 901 949 838 
6
834 845 854 855 871 836 
6
834 845 854 856 899 837 
6
834 845 854 857 947 838 
6
834 846 870 872 900 837 
6
834 846 870 873 948 838 
6
834 847 898 901 949 838 
6
835 855 871 872 900 837 
6
835 855 871 873 948 838 
6
835 856 899 901 949 838 
6
836 872 900 901 949 838 
6
839 849 858 859 875 841 
6
839 849 858 860 903 842 
6
839 849 858 861 951 843 
6
839 850 874 876 904 842 
6
839 850 874 877 952 843 
6
839 851 902 905 953 843 
6
840 859 875 876 904 842 
6
840 859 875 877 952 843 
6
840 860 903 905 953 843 
6
841 876 904 905 953 843 
6
844 849 862 863 879 846 
6
844 849 862 864 907 847 
6
844 849 862 865 955 848 
6
844 850 878 880 908 847 
6
844 850 878 881 956 848 
6
844 851 906 909 957 848 
6
845 863 879 880 908 847 
6
845 863 879 881 956 848 
6
845 864 907 909 957 848 
6
846 880 908 909 957 848 
6
849 866 882 883 911 851 
6
849 866 882 884 959 852 
6
849 867 910 912 960 852 
6
850 883 911 912 960 852 
6
853 858 862 863 886 855 
6
853 858 862 864 914 856 
6
853 858 862 865 962 857 
6
853 859 885 887 915 856 
6
853 859 885 888 963 857 
6
853 860 913 916 964 857 
6
854 863 886 887 915 856 
6
854 863 886 888 963 857 
6
854 864 914 916 964 857 
6
855 887 915 916 964 857 
6
858 866 889 890 918 860 
6
858 866 889 891 966 861 
6
858 867 917 919 967 861 
6
859 890 918 919 967 861 
6
862 866 892 893 921 864 
6
862 866 892 894 969 865 
6
862 867 920 922 970 865 
6
863 893 921 922 970 865 
6
866 895 923 924 972 868 
6
869 874 878 879 886 871 
6
869 874 878 880 926 872 
6
869 874 878 881 974 873 
6
869 875 885 887 927 872 
6
869 875 885 888 975 873 
6
869 876 925 928 976 873 
6
870 879 886 887 927 872 
6
870 879 886 888 975 873 
6
870 880 926 928 976 873 
6
871 887 927 928 976 873 
6
874 882 889 890 930 876 
6
874 882 889 891 978 877 
6
874 883 929 931 979 877 
6
875 890 930 931 979 877 
6
878 882 892 893 933 880 
6
878 882 892 894 981 881 
6
878 883 932 934 982 881 
6
879 893 933 934 982 881 
6
882 895 935 936 984 884 
6
885 889 892 893 938 887 
6
885 889 892 894 986 888 
6
885 890 937 939 987 888 
6
886 893 938 939 987 888 
6
889 895 940 941 989 891 
6
892 895 942 943 991 894 
6
897 902 906 907 914 899 
6
897 902 906 908 926 900 
6
897 902 906 909 994 901 
6
897 903 913 915 927 900 
6
897 903 913 916 995 901 
6
897 904 925 928 996 901 
6
898 907 914 915 927 900 
6
898 907 914 916 995 901 
6
898 908 926 928 996 901 
6
899 915 927 928 996 901 
6
902 910 917 918 930 904 
6
902 910 917 919 998 905 
6
902 911 929 931 999 905 
6
903 918 930 931 999 905 
6
906 910 920 921 933 908 
6
906 910 920 922 1001 909 
6
906 911 932 934 1002 909 
6
907 921 933 934 1002 909 
6
910 923 935 936 1004 912 
6
913 917 920 921 938 915 
6
913 917 920 922 1006 916 
6
913 918 937 939 1007 916 
6
914 921 938 939 1007 916 
6
917 923 940 941 1009 919 
6
920 923 942 943 1011 922 
6
925 929 932 933 938 927 
6
925 929 932 934 1014 928 
6
925 930 937 939 1015 928 
6
926 933 938 939 1015 928 
6
929 935 940 941 1017 931 
6
932 935 942 943 1019 934 
6
937 940 942 943 1022 939 
6
945 950 954 955 962 947 
6
945 950 954 956 974 948 
6
945 950 954 957 994 949 
6
945 951 961 963 975 948 
6
945 951 961 964 995 949 
6
945 952 973 976 996 949 
6
946 955 962 963 975 948 
6
946 955 962 964 995 949 
6
946 956 974 976 996 949 
6
947 963 975 976 996 949 
6
950 958 965 966 978 952 
6
950 958 965 967 998 953 
6
950 959 977 979 999 953 
6
951 966 978 979 999 953 
6
954 958 968 969 981 956 
6
954 958 968 970 1001 957 
6
954 959 980 982 1002 957 
6
955 969 981 982 1002 957 
6
958 971 983 984 1004 960 
6
961 965 968 969 986 963 
6
961 965 968 970 1006 964 
6
961 966 985 987 1007 964 
6
962 969 986 987 1007 964 
6
965 971 988 989 1009 967 
6
968 971 990 991 1011 970 
6
973 977 980 981 986 975 
6
973 977 980 982 1014 976 
6
973 978 985 987 1015 976 
6
974 981 986 987 1015 976 
6
977 983 988 989 1017 979 
6
980 983 990 991 1019 982 
6
985 988 990 991 1022 987 
6
993 997 1000 1001 1006 995 
6
993 997 1000 1002 1014 996 
6
993 998 1005 1007 1015 996 
6
994 1001 1006 1007 1015 996 
6
997 1003 1008 1009 1017 999 
6
1000 1003 1010 1011 1019 1002 
6
1005 1008 1010 1011 1022 1007 
6
1013 1016 1018 1019 1022 1015 
