560 448
1 1 1 1 1 1 1 1 1 1 1 1
1 1 1 1 1 1 1 1 1 1 1 1
1 1 1 1 1 1 1 1 1 1 1 1
1 1 1 1 1 1 1 1 1 1 1 1
1 1 1 1 1 1 1 1 1 1 1 1
1 1 1 1 1 1 1 1 1 1 1 1
1 1 1 1 1 1 1 1 1 1 1 1
1 1 1 1 1 1 1 1 1 1 1 1
1 1 1 1 1 1 1 1 1 1 1 1
1 1 1 1 1 1 1 1 1 1 1 1
1 1 1 1 1 1 1 1 1 1 1 1
1 1 1 1 1 1 1 1 1 1 1 1
1 1 1 1 1 1 1 1 1 1 1 1
1 1 1 1 1 1 1 1 1 1 1 1
1 1 1 1 1 1 1 1 1 1 1 1
1 1 1 1 1 1 1 1 1 1 1 1
1 1 1 1 1 1 1 1 1 1 1 1
1 1 1 1 1 1 1 1 1 1 1 1
1 1 1 1 1 1 1 1 1 1 1 1
1 1 1 1 1 1 1 1 1 1 1 1
1 1 1 1 1 1 1 1 1 1 1 1
1 1 1 1 1 1 1 1 1 1 1 1
1 1 1 1 1 1 1 1 1 1 1 1
1 1 1 1 1 1 1 1 1 1 1 1
1 1 1 1 1 1 1 1 1 1 1 1
1 1 1 1 1 1 1 1 1 1 1 1
1 1 1 1 1 1 1 1 1 1 1 1
1 1 1 1 1 1 1 1 1 1 1 1
1 1 1 1 1 1 1 1 1 1 1 1
1 1 1 1 1 1 1 1 1 1 1 1
1 1 1 1 1 1 1 1 1 1 1 1
1 1 1 1 1 1 1 1 1 1 1 1
1 1 1 1 1 1 1 1 1 1 1 1
1 1 1 1 1 1 1 1 1 1 1 1
1 1 1 1 1 1 1 1 1 1 1 1
1 1 1 1 1 1 1 1 1 1 1 1
1 1 1 1 1 1 1 1 1 1 1 1
1 1 1 1 8
1 8 14 15 36 31 25 3 
8
1 8 14 16 56 51 45 4 
8
1 8 14 17 92 87 81 5 
8
1 8 14 18 156 151 145 6 
8
1 8 14 19 268 263 257 7 
8
1 9 25 27 65 52 45 4 
8
1 9 25 28 101 88 81 5 
8
1 9 25 29 165 152 145 6 
8
1 9 25 30 277 264 257 7 
8
1 10 45 48 117 89 81 5 
8
1 10 45 49 181 153 145 6 
8
1 10 45 50 293 265 257 7 
8
1 11 81 85 209 154 145 6 
8
1 11 81 86 321 266 257 7 
8
1 12 145 150 369 267 257 7 
8
2 15 26 27 66 57 46 4 
8
2 15 26 28 102 93 82 5 
8
2 15 26 29 166 157 146 6 
8
2 15 26 30 278 269 258 7 
8
2 16 46 48 118 94 82 5 
8
2 16 46 49 182 158 146 6 
8
2 16 46 50 294 270 258 7 
8
2 17 82 85 210 159 146 6 
8
2 17 82 86 322 271 258 7 
8
2 18 146 150 370 272 258 7 
8
3 27 47 48 119 103 83 5 
8
3 27 47 49 183 167 147 6 
8
3 27 47 50 295 279 259 7 
8
3 28 83 85 211 168 147 6 
8
3 28 83 86 323 280 259 7 
8
3 29 147 150 371 281 259 7 
8
4 48 84 85 212 184 148 6 
8
4 48 84 86 324 296 260 7 
8
4 49 148 150 372 297 260 7 
8
5 85 149 150 373 325 261 7 
8
8 20 31 32 70 61 51 10 
8
8 20 31 33 106 97 87 11 
8
8 20 31 34 170 161 151 12 
8
8 20 31 35 282 273 263 13 
8
8 21 51 53 122 98 87 11 
8
8 21 51 54 186 162 151 12 
8
8 21 51 55 298 274 263 13 
8
8 22 87 90 214 163 151 12 
8
8 22 87 91 326 275 263 13 
8
8 23 151 155 374 276 263 13 
8
9 32 52 53 123 107 88 11 
8
9 32 52 54 187 171 152 12 
8
9 32 52 55 299 283 264 13 
8
9 33 88 90 215 172 152 12 
8
9 33 88 91 327 284 264 13 
8
9 34 152 155 375 285 264 13 
8
10 53 89 90 216 188 153 12 
8
10 53 89 91 328 300 265 13 
8
10 54 153 155 376 301 265 13 
8
11 90 154 155 377 329 266 13 
8
14 20 36 37 74 61 56 16 
8
14 20 36 38 110 97 92 17 
8
14 20 36 39 174 161 156 18 
8
14 20 36 40 286 273 268 19 
8
14 21 56 58 126 98 92 17 
8
14 21 56 59 190 162 156 18 
8
14 21 56 60 302 274 268 19 
8
14 22 92 95 218 163 156 18 
8
14 22 92 96 330 275 268 19 
8
14 23 156 160 378 276 268 19 
8
15 37 57 58 127 111 93 17 
8
15 37 57 59 191 175 157 18 
8
15 37 57 60 303 287 269 19 
8
15 38 93 95 219 176 157 18 
8
15 38 93 96 331 288 269 19 
8
15 39 157 160 379 289 269 19 
8
16 58 94 95 220 192 158 18 
8
16 58 94 96 332 304 270 19 
8
16 59 158 160 380 305 270 19 
8
17 95 159 160 381 333 271 19 
8
20 41 61 62 130 114 97 22 
8
20 41 61 63 194 178 161 23 
8
20 41 61 64 306 290 273 24 
8
20 42 97 99 222 179 161 23 
8
20 42 97 100 334 291 273 24 
8
20 43 161 164 382 292 273 24 
8
21 62 98 99 223 195 162 23 
8
21 62 98 100 335 307 274 24 
8
21 63 162 164 383 308 274 24 
8
22 99 163 164 384 336 275 24 
8
25 31 36 37 74 70 65 27 
8
25 31 36 38 110 106 101 28 
8
25 31 36 39 174 170 165 29 
8
25 31 36 40 286 282 277 30 
8
25 32 65 67 133 107 101 28 
8
25 32 65 68 197 171 165 29 
8
25 32 65 69 309 283 277 30 
8
25 33 101 104 225 172 165 29 
8
25 33 101 105 337 284 277 30 
8
25 34 165 169 385 285 277 30 
8
26 37 66 67 134 111 102 28 
8
26 37 66 68 198 175 166 29 
8
26 37 66 69 310 287 278 30 
8
26 38 102 104 226 176 166 29 
8
26 38 102 105 338 288 278 30 
8
26 39 166 169 386 289 278 30 
8
27 67 103 104 227 199 167 29 
8
27 67 103 105 339 311 279 30 
8
27 68 167 169 387 312 279 30 
8
28 104 168 169 388 340 280 30 
8
31 41 70 71 137 114 106 33 
8
31 41 70 72 201 178 170 34 
8
31 41 70 73 313 290 282 35 
8
31 42 106 108 229 179 170 34 
8
31 42 106 109 341 291 282 35 
8
31 43 170 173 389 292 282 35 
8
32 71 107 108 230 202 171 34 
8
32 71 107 109 342 314 283 35 
8
32 72 171 173 390 315 283 35 
8
33 108 172 173 391 343 284 35 
8
36 41 74 75 140 114 110 38 
8
36 41 74 76 204 178 174 39 
8
36 41 74 77 316 290 286 40 
8
36 42 110 112 232 179 174 39 
8
36 42 110 113 344 291 286 40 
8
36 43 174 177 392 292 286 40 
8
37 75 111 112 233 205 175 39 
8
37 75 111 113 345 317 287 40 
8
37 76 175 177 393 318 287 40 
8
38 112 176 177 394 346 288 40 
8
41 78 114 115 235 207 178 43 
8
41 78 114 116 347 319 290 44 
8
41 79 178 180 395 320 290 44 
8
42 115 179 180 396 348 291 44 
8
45 51 56 57 74 70 65 47 
8
45 51 56 58 126 122 117 48 
8
45 51 56 59 190 186 181 49 
8
45 51 56 60 302 298 293 50 
8
45 52 65 67 133 123 117 48 
8
45 52 65 68 197 187 181 49 
8
45 52 65 69 309 299 293 50 
8
45 53 117 120 237 188 181 49 
8
45 53 117 121 349 300 293 50 
8
45 54 181 185 397 301 293 50 
8
46 57 66 67 134 127 118 48 
8
46 57 66 68 198 191 182 49 
8
46 57 66 69 310 303 294 50 
8
46 58 118 120 238 192 182 49 
8
46 58 118 121 350 304 294 50 
8
46 59 182 185 398 305 294 50 
8
47 67 119 120 239 199 183 49 
8
47 67 119 121 351 311 295 50 
8
47 68 183 185 399 312 295 50 
8
48 120 184 185 400 352 296 50 
8
51 61 70 71 137 130 122 53 
8
51 61 70 72 201 194 186 54 
8
51 61 70 73 313 306 298 55 
8
51 62 122 124 241 195 186 54 
8
51 62 122 125 353 307 298 55 
8
51 63 186 189 401 308 298 55 
8
52 71 123 124 242 202 187 54 
8
52 71 123 125 354 314 299 55 
8
52 72 187 189 402 315 299 55 
8
53 124 188 189 403 355 300 55 
8
56 61 74 75 140 130 126 58 
8
56 61 74 76 204 194 190 59 
8
56 61 74 77 316 306 302 60 
8
56 62 126 128 244 195 190 59 
8
56 62 126 129 356 307 302 60 
8
56 63 190 193 404 308 302 60 
8
57 75 127 128 245 205 191 59 
8
57 75 127 129 357 317 303 60 
8
57 76 191 193 405 318 303 60 
8
58 128 192 193 406 358 304 60 
8
61 78 130 131 247 207 194 63 
8
61 78 130 132 359 319 306 64 
8
61 79 194 196 407 320 306 64 
8
62 131 195 196 408 360 307 64 
8
65 70 74 75 140 137 133 67 
8
65 70 74 76 204 201 197 68 
8
65 70 74 77 316 313 309 69 
8
65 71 133 135 249 202 197 68 
8
65 71 133 136 361 314 309 69 
8
65 72 197 200 409 315 309 69 
8
66 75 134 135 250 205 198 68 
8
66 75 134 136 362 317 310 69 
8
66 76 198 200 410 318 310 69 
8
67 135 199 200 411 363 311 69 
8
70 78 137 138 252 207 201 72 
8
70 78 137 139 364 319 313 73 
8
70 79 201 203 412 320 313 73 
8
71 138 202 203 413 365 314 73 
8
74 78 140 141 254 207 204 76 
8
74 78 140 142 366 319 316 77 
8
74 79 204 206 414 320 316 77 
8
75 141 205 206 415 367 317 77 
8
78 143 207 208 416 368 319 80 
8
81 87 92 93 110 106 101 83 
8
81 87 92 94 126 122 117 84 
8
81 87 92 95 218 214 209 85 
8
81 87 92 96 330 326 321 86 
8
81 88 101 103 133 123 117 84 
8
81 88 101 104 225 215 209 85 
8
81 88 101 105 337 327 321 86 
8
81 89 117 120 237 216 209 85 
8
81 89 117 121 349 328 321 86 
8
81 90 209 213 417 329 321 86 
8
82 93 102 103 134 127 118 84 
8
82 93 102 104 226 219 210 85 
8
82 93 102 105 338 331 322 86 
8
82 94 118 120 238 220 210 85 
8
82 94 118 121 350 332 322 86 
8
82 95 210 213 418 333 322 86 
8
83 103 119 120 239 227 211 85 
8
83 103 119 121 351 339 323 86 
8
83 104 211 213 419 340 323 86 
8
84 120 212 213 420 352 324 86 
8
87 97 106 107 137 130 122 89 
8
87 97 106 108 229 222 214 90 
8
87 97 106 109 341 334 326 91 
8
87 98 122 124 241 223 214 90 
8
87 98 122 125 353 335 326 91 
8
87 99 214 217 421 336 326 91 
8
88 107 123 124 242 230 215 90 
8
88 107 123 125 354 342 327 91 
8
88 108 215 217 422 343 327 91 
8
89 124 216 217 423 355 328 91 
8
92 97 110 111 140 130 126 94 
8
92 97 110 112 232 222 218 95 
8
92 97 110 113 344 334 330 96 
8
92 98 126 128 244 223 218 95 
8
92 98 126 129 356 335 330 96 
8
92 99 218 221 424 336 330 96 
8
93 111 127 128 245 233 219 95 
8
93 111 127 129 357 345 331 96 
8
93 112 219 221 425 346 331 96 
8
94 128 220 221 426 358 332 96 
8
97 114 130 131 247 235 222 99 
8
97 114 130 132 359 347 334 100 
8
97 115 222 224 427 348 334 100 
8
98 131 223 224 428 360 335 100 
8
101 106 110 111 140 137 133 103 
8
101 106 110 112 232 229 225 104 
8
101 106 110 113 344 341 337 105 
8
101 107 133 135 249 230 225 104 
8
101 107 133 136 361 342 337 105 
8
101 108 225 228 429 343 337 105 
8
102 111 134 135 250 233 226 104 
8
102 111 134 136 362 345 338 105 
8
102 112 226 228 430 346 338 105 
8
103 135 227 228 431 363 339 105 
8
106 114 137 138 252 235 229 108 
8
106 114 137 139 364 347 341 109 
8
106 115 229 231 432 348 341 109 
8
107 138 230 231 433 365 342 109 
8
110 114 140 141 254 235 232 112 
8
110 114 140 142 366 347 344 113 
8
110 115 232 234 434 348 344 113 
8
111 141 233 234 435 367 345 113 
8
114 143 235 236 436 368 347 116 
8
117 122 126 127 140 137 133 119 
8
117 122 126 128 244 241 237 120 
8
117 122 126 129 356 353 349 121 
8
117 123 133 135 249 242 237 120 
8
117 123 133 136 361 354 349 121 
8
117 124 237 240 437 355 349 121 
8
118 127 134 135 250 245 238 120 
8
118 127 134 136 362 357 350 121 
8
118 128 238 240 438 358 350 121 
8
119 135 239 240 439 363 351 121 
8
122 130 137 138 252 247 241 124 
8
122 130 137 139 364 359 353 125 
8
122 131 241 243 440 360 353 125 
8
123 138 242 243 441 365 354 125 
8
126 130 140 141 254 247 244 128 
8
126 130 140 142 366 359 356 129 
8
126 131 244 246 442 360 356 129 
8
127 141 245 246 443 367 357 129 
8
130 143 247 248 444 368 359 132 
8
133 137 140 141 254 252 249 135 
8
133 137 140 142 366 364 361 136 
8
133 138 249 251 445 365 361 136 
8
134 141 250 251 446 367 362 136 
8
137 143 252 253 447 368 364 139 
8
140 143 254 255 448 368 366 142 
8
145 151 156 157 174 170 165 147 
8
145 151 156 158 190 186 181 148 
8
145 151 156 159 218 214 209 149 
8
145 151 156 160 378 374 369 150 
8
145 152 165 167 197 187 181 148 
8
145 152 165 168 225 215 209 149 
8
145 152 165 169 385 375 369 150 
8
145 153 181 184 237 216 209 149 
8
145 153 181 185 397 376 369 150 
8
145 154 209 213 417 377 369 150 
8
146 157 166 167 198 191 182 148 
8
146 157 166 168 226 219 210 149 
8
146 157 166 169 386 379 370 150 
8
146 158 182 184 238 220 210 149 
8
146 158 182 185 398 380 370 150 
8
146 159 210 213 418 381 370 150 
8
147 167 183 184 239 227 211 149 
8
147 167 183 185 399 387 371 150 
8
147 168 211 213 419 388 371 150 
8
148 184 212 213 420 400 372 150 
8
151 161 170 171 201 194 186 153 
8
151 161 170 172 229 222 214 154 
8
151 161 170 173 389 382 374 155 
8
151 162 186 188 241 223 214 154 
8
151 162 186 189 401 383 374 155 
8
151 163 214 217 421 384 374 155 
8
152 171 187 188 242 230 215 154 
8
152 171 187 189 402 390 375 155 
8
152 172 215 217 422 391 375 155 
8
153 188 216 217 423 403 376 155 
8
156 161 174 175 204 194 190 158 
8
156 161 174 176 232 222 218 159 
8
156 161 174 177 392 382 378 160 
8
156 162 190 192 244 223 218 159 
8
156 162 190 193 404 383 378 160 
8
156 163 218 221 424 384 378 160 
8
157 175 191 192 245 233 219 159 
8
157 175 191 193 405 393 379 160 
8
157 176 219 221 425 394 379 160 
8
158 192 220 221 426 406 380 160 
8
161 178 194 195 247 235 222 163 
8
161 178 194 196 407 395 382 164 
8
161 179 222 224 427 396 382 164 
8
162 195 223 224 428 408 383 164 
8
165 170 174 175 204 201 197 167 
8
165 170 174 176 232 229 225 168 
8
165 170 174 177 392 389 385 169 
8
165 171 197 199 249 230 225 168 
8
165 171 197 200 409 390 385 169 
8
165 172 225 228 429 391 385 169 
8
166 175 198 199 250 233 226 168 
8
166 175 198 200 410 393 386 169 
8
166 176 226 228 430 394 386 169 
8
167 199 227 228 431 411 387 169 
8
170 178 201 202 252 235 229 172 
8
170 178 201 203 412 395 389 173 
8
170 179 229 231 432 396 389 173 
8
171 202 230 231 433 413 390 173 
8
174 178 204 205 254 235 232 176 
8
174 178 204 206 414 395 392 177 
8
174 179 232 234 434 396 392 177 
8
175 205 233 234 435 415 393 177 
8
178 207 235 236 436 416 395 180 
8
181 186 190 191 204 201 197 183 
8
181 186 190 192 244 241 237 184 
8
181 186 190 193 404 401 397 185 
8
181 187 197 199 249 242 237 184 
8
181 187 197 200 409 402 397 185 
8
181 188 237 240 437 403 397 185 
8
182 191 198 199 250 245 238 184 
8
182 191 198 200 410 405 398 185 
8
182 192 238 240 438 406 398 185 
8
183 199 239 240 439 411 399 185 
8
186 194 201 202 252 247 241 188 
8
186 194 201 203 412 407 401 189 
8
186 195 241 243 440 408 401 189 
8
187 202 242 243 441 413 402 189 
8
190 194 204 205 254 247 244 192 
8
190 194 204 206 414 407 404 193 
8
190 195 244 246 442 408 404 193 
8
191 205 245 246 443 415 405 193 
8
194 207 247 248 444 416 407 196 
8
197 201 204 205 254 252 249 199 
8
197 201 204 206 414 412 409 200 
8
197 202 249 251 445 413 409 200 
8
198 205 250 251 446 415 410 200 
8
201 207 252 253 447 416 412 203 
8
204 207 254 255 448 416 414 206 
8
209 214 218 219 232 229 225 211 
8
209 214 218 220 244 241 237 212 
8
209 214 218 221 424 421 417 213 
8
209 215 225 227 249 242 237 212 
8
209 215 225 228 429 422 417 213 
8
209 216 237 240 437 423 417 213 
8
210 219 226 227 250 245 238 212 
8
210 219 226 228 430 425 418 213 
8
210 220 238 240 438 426 418 213 
8
211 227 239 240 439 431 419 213 
8
214 222 229 230 252 247 241 216 
8
214 222 229 231 432 427 421 217 
8
214 223 241 243 440 428 421 217 
8
215 230 242 243 441 433 422 217 
8
218 222 232 233 254 247 244 220 
8
218 222 232 234 434 427 424 221 
8
218 223 244 246 442 428 424 221 
8
219 233 245 246 443 435 425 221 
8
222 235 247 248 444 436 427 224 
8
225 229 232 233 254 252 249 227 
8
225 229 232 234 434 432 429 228 
8
225 230 249 251 445 433 429 228 
8
226 233 250 251 446 435 430 228 
8
229 235 252 253 447 436 432 231 
8
232 235 254 255 448 436 434 234 
8
237 241 244 245 254 252 249 239 
8
237 241 244 246 442 440 437 240 
8
237 242 249 251 445 441 437 240 
8
238 245 250 251 446 443 438 240 
8
241 247 252 253 447 444 440 243 
8
244 247 254 255 448 444 442 246 
8
249 252 254 255 448 447 445 251 
8
257 263 268 269 286 282 277 259 
8
257 263 268 270 302 298 293 260 
8
257 263 268 271 330 326 321 261 
8
257 263 268 272 378 374 369 262 
8
257 264 277 279 309 299 293 260 
8
257 264 277 280 337 327 321 261 
8
257 264 277 281 385 375 369 262 
8
257 265 293 296 349 328 321 261 
8
257 265 293 297 397 376 369 262 
8
257 266 321 325 417 377 369 262 
8
258 269 278 279 310 303 294 260 
8
258 269 278 280 338 331 322 261 
8
258 269 278 281 386 379 370 262 
8
258 270 294 296 350 332 322 261 
8
258 270 294 297 398 380 370 262 
8
258 271 322 325 418 381 370 262 
8
259 279 295 296 351 339 323 261 
8
259 279 295 297 399 387 371 262 
8
259 280 323 325 419 388 371 262 
8
260 296 324 325 420 400 372 262 
8
263 273 282 283 313 306 298 265 
8
263 273 282 284 341 334 326 266 
8
263 273 282 285 389 382 374 267 
8
263 274 298 300 353 335 326 266 
8
263 274 298 301 401 383 374 267 
8
263 275 326 329 421 384 374 267 
8
264 283 299 300 354 342 327 266 
8
264 283 299 301 402 390 375 267 
8
264 284 327 329 422 391 375 267 
8
265 300 328 329 423 403 376 267 
8
268 273 286 287 316 306 302 270 
8
268 273 286 288 344 334 330 271 
8
268 273 286 289 392 382 378 272 
8
268 274 302 304 356 335 330 271 
8
268 274 302 305 404 383 378 272 
8
268 275 330 333 424 384 378 272 
8
269 287 303 304 357 345 331 271 
8
269 287 303 305 405 393 379 272 
8
269 288 331 333 425 394 379 272 
8
270 304 332 333 426 406 380 272 
8
273 290 306 307 359 347 334 275 
8
273 290 306 308 407 395 382 276 
8
273 291 334 336 427 396 382 276 
8
274 307 335 336 428 408 383 276 
8
277 282 286 287 316 313 309 279 
8
277 282 286 288 344 341 337 280 
8
277 282 286 289 392 389 385 281 
8
277 283 309 311 361 342 337 280 
8
277 283 309 312 409 390 385 281 
8
277 284 337 340 429 391 385 281 
8
278 287 310 311 362 345 338 280 
8
278 287 310 312 410 393 386 281 
8
278 288 338 340 430 394 386 281 
8
279 311 339 340 431 411 387 281 
8
282 290 313 314 364 347 341 284 
8
282 290 313 315 412 395 389 285 
8
282 291 341 343 432 396 389 285 
8
283 314 342 343 433 413 390 285 
8
286 290 316 317 366 347 344 288 
8
286 290 316 318 414 395 392 289 
8
286 291 344 346 434 396 392 289 
8
287 317 345 346 435 415 393 289 
8
290 319 347 348 436 416 395 292 
8
293 298 302 303 316 313 309 295 
8
293 298 302 304 356 353 349 296 
8
293 298 302 305 404 401 397 297 
8
293 299 309 311 361 354 349 296 
8
293 299 309 312 409 402 397 297 
8
293 300 349 352 437 403 397 297 
8
294 303 310 311 362 357 350 296 
8
294 303 310 312 410 405 398 297 
8
294 304 350 352 438 406 398 297 
8
295 311 351 352 439 411 399 297 
8
298 306 313 314 364 359 353 300 
8
298 306 313 315 412 407 401 301 
8
298 307 353 355 440 408 401 301 
8
299 314 354 355 441 413 402 301 
8
302 306 316 317 366 359 356 304 
8
302 306 316 318 414 407 404 305 
8
302 307 356 358 442 408 404 305 
8
303 317 357 358 443 415 405 305 
8
306 319 359 360 444 416 407 308 
8
309 313 316 317 366 364 361 311 
8
309 313 316 318 414 412 409 312 
8
309 314 361 363 445 413 409 312 
8
310 317 362 363 446 415 410 312 
8
313 319 364 365 447 416 412 315 
8
316 319 366 367 448 416 414 318 
8
321 326 330 331 344 341 337 323 
8
321 326 330 332 356 353 349 324 
8
321 326 330 333 424 421 417 325 
8
321 327 337 339 361 354 349 324 
8
321 327 337 340 429 422 417 325 
8
321 328 349 352 437 423 417 325 
8
322 331 338 339 362 357 350 324 
8
322 331 338 340 430 425 418 325 
8
322 332 350 352 438 426 418 325 
8
323 339 351 352 439 431 419 325 
8
326 334 341 342 364 359 353 328 
8
326 334 341 343 432 427 421 329 
8
326 335 353 355 440 428 421 329 
8
327 342 354 355 441 433 422 329 
8
330 334 344 345 366 359 356 332 
8
330 334 344 346 434 427 424 333 
8
330 335 356 358 442 428 424 333 
8
331 345 357 358 443 435 425 333 
8
334 347 359 360 444 436 427 336 
8
337 341 344 345 366 364 361 339 
8
337 341 344 346 434 432 429 340 
8
337 342 361 363 445 433 429 340 
8
338 345 362 363 446 435 430 340 
8
341 347 364 365 447 436 432 343 
8
344 347 366 367 448 436 434 346 
8
349 353 356 357 366 364 361 351 
8
349 353 356 358 442 440 437 352 
8
349 354 361 363 445 441 437 352 
8
350 357 362 363 446 443 438 352 
8
353 359 364 365 447 444 440 355 
8
356 359 366 367 448 444 442 358 
8
361 364 366 367 448 447 445 363 
8
369 374 378 379 392 389 385 371 
8
369 374 378 380 404 401 397 372 
8
369 374 378 381 424 421 417 373 
8
369 375 385 387 409 402 397 372 
8
369 375 385 388 429 422 417 373 
8
369 376 397 400 437 423 417 373 
8
370 379 386 387 410 405 398 372 
8
370 379 386 388 430 425 418 373 
8
370 380 398 400 438 426 418 373 
8
371 387 399 400 439 431 419 373 
8
374 382 389 390 412 407 401 376 
8
374 382 389 391 432 427 421 377 
8
374 383 401 403 440 428 421 377 
8
375 390 402 403 441 433 422 377 
8
378 382 392 393 414 407 404 380 
8
378 382 392 394 434 427 424 381 
8
378 383 404 406 442 428 424 381 
8
379 393 405 406 443 435 425 381 
8
382 395 407 408 444 436 427 384 
8
385 389 392 393 414 412 409 387 
8
385 389 392 394 434 432 429 388 
8
385 390 409 411 445 433 429 388 
8
386 393 410 411 446 435 430 388 
8
389 395 412 413 447 436 432 391 
8
392 395 414 415 448 436 434 394 
8
397 401 404 405 414 412 409 399 
8
397 401 404 406 442 440 437 400 
8
397 402 409 411 445 441 437 400 
8
398 405 410 411 446 443 438 400 
8
401 407 412 413 447 444 440 403 
8
404 407 414 415 448 444 442 406 
8
409 412 414 415 448 447 445 411 
8
417 421 424 425 434 432 429 419 
8
417 421 424 426 442 440 437 420 
8
417 422 429 431 445 441 437 420 
8
418 425 430 431 446 443 438 420 
8
421 427 432 433 447 444 440 423 
8
424 427 434 435 448 444 442 426 
8
429 432 434 435 448 447 445 431 
8
437 440 442 443 448 447 445 439 
