160 192
1 1 1 1 1 1 1 1 1 1 1 1
1 1 1 1 1 1 1 1 1 1 1 1
1 1 1 1 1 1 1 1 1 1 1 1
1 1 1 1 1 1 1 1 1 1 1 1
1 1 1 1 1 1 1 1 1 1 1 1
1 1 1 1 1 1 1 1 1 1 1 1
1 1 1 1 1 1 1 1 1 1 1 1
1 1 1 1 1 1 1 1 1 1 1 1
1 1 1 1 1 1 1 1 1 1 1 1
1 1 1 1 1 1 1 1 1 1 1 1
1 1 1 1 1 1 1 1 1 1 1 1
1 1 1 1 1 1 1 1 1 1 1 1
1 1 1 1 1 1 1 1 1 1 1 1
1 1 1 1 1 1 1 1 1 1 1 1
1 1 1 1 1 1 1 1 1 1 1 1
1 1 1 1 1 1 1 1 1 1 1 1
6
1 7 12 13 22 3 
6
1 7 12 14 38 4 
6
1 7 12 15 66 5 
6
1 7 12 16 114 6 
6
1 8 21 23 39 4 
6
1 8 21 24 67 5 
6
1 8 21 25 115 6 
6
1 9 37 40 68 5 
6
1 9 37 41 116 6 
6
1 10 65 69 117 6 
6
2 13 22 23 39 4 
6
2 13 22 24 67 5 
6
2 13 22 25 115 6 
6
2 14 38 40 68 5 
6
2 14 38 41 116 6 
6
2 15 66 69 117 6 
6
3 23 39 40 68 5 
6
3 23 39 41 116 6 
6
3 24 67 69 117 6 
6
4 40 68 69 117 6 
6
7 17 26 27 43 9 
6
7 17 26 28 71 10 
6
7 17 26 29 119 11 
6
7 18 42 44 72 10 
6
7 18 42 45 120 11 
6
7 19 70 73 121 11 
6
8 27 43 44 72 10 
6
8 27 43 45 120 11 
6
8 28 71 73 121 11 
6
9 44 72 73 121 11 
6
12 17 30 31 47 14 
6
12 17 30 32 75 15 
6
12 17 30 33 123 16 
6
12 18 46 48 76 15 
6
12 18 46 49 124 16 
6
12 19 74 77 125 16 
6
13 31 47 48 76 15 
6
13 31 47 49 124 16 
6
13 32 75 77 125 16 
6
14 48 76 77 125 16 
6
17 34 50 51 79 19 
6
17 34 50 52 127 20 
6
17 35 78 80 128 20 
6
18 51 79 80 128 20 
6
21 26 30 31 54 23 
6
21 26 30 32 82 24 
6
21 26 30 33 130 25 
6
21 27 53 55 83 24 
6
21 27 53 56 131 25 
6
21 28 81 84 132 25 
6
22 31 54 55 83 24 
6
22 31 54 56 131 25 
6
22 32 82 84 132 25 
6
23 55 83 84 132 25 
6
26 34 57 58 86 28 
6
26 34 57 59 134 29 
6
26 35 85 87 135 29 
6
27 58 86 87 135 29 
6
30 34 60 61 89 32 
6
30 34 60 62 137 33 
6
30 35 88 90 138 33 
6
31 61 89 90 138 33 
6
34 63 91 92 140 36 
6
37 42 46 47 54 39 
6
37 42 46 48 94 40 
6
37 42 46 49 142 41 
6
37 43 53 55 95 40 
6
37 43 53 56 143 41 
6
37 44 93 96 144 41 
6
38 47 54 55 95 40 
6
38 47 54 56 143 41 
6
38 48 94 96 144 41 
6
39 55 95 96 144 41 
6
42 50 57 58 98 44 
6
42 50 57 59 146 45 
6
42 51 97 99 147 45 
6
43 58 98 99 147 45 
6
46 50 60 61 101 48 
6
46 50 60 62 149 49 
6
46 51 100 102 150 49 
6
47 61 101 102 150 49 
6
50 63 103 104 152 52 
6
53 57 60 61 106 55 
6
53 57 60 62 154 56 
6
53 58 105 107 155 56 
6
54 61 106 107 155 56 
6
57 63 108 109 157 59 
6
60 63 110 111 159 62 
6
65 70 74 75 82 67 
6
65 70 74 76 94 68 
6
65 70 74 77 162 69 
6
65 71 81 83 95 68 
6
65 71 81 84 163 69 
6
65 72 93 96 164 69 
6
66 75 82 83 95 68 
6
66 75 82 84 163 69 
6
66 76 94 96 164 69 
6
67 83 95 96 164 69 
6
70 78 85 86 98 72 
6
70 78 85 87 166 73 
6
70 79 97 99 167 73 
6
71 86 98 99 167 73 
6
74 78 88 89 101 76 
6
74 78 88 90 169 77 
6
74 79 100 102 170 77 
6
75 89 101 102 170 77 
6
78 91 103 104 172 80 
6
81 85 88 89 106 83 
6
81 85 88 90 174 84 
6
81 86 105 107 175 84 
6
82 89 106 107 175 84 
6
85 91 108 109 177 87 
6
88 91 110 111 179 90 
6
93 97 100 101 106 95 
6
93 97 100 102 182 96 
6
93 98 105 107 183 96 
6
94 101 106 107 183 96 
6
97 103 108 109 185 99 
6
100 103 110 111 187 102 
6
105 108 110 111 190 107 
6
113 118 122 123 130 115 
6
113 118 122 124 142 116 
6
113 118 122 125 162 117 
6
113 119 129 131 143 116 
6
113 119 129 132 163 117 
6
113 120 141 144 164 117 
6
114 123 130 131 143 116 
6
114 123 130 132 163 117 
6
114 124 142 144 164 117 
6
115 131 143 144 164 117 
6
118 126 133 134 146 120 
6
118 126 133 135 166 121 
6
118 127 145 147 167 121 
6
119 134 146 147 167 121 
6
122 126 136 137 149 124 
6
122 126 136 138 169 125 
6
122 127 148 150 170 125 
6
123 137 149 150 170 125 
6
126 139 151 152 172 128 
6
129 133 136 137 154 131 
6
129 133 136 138 174 132 
6
129 134 153 155 175 132 
6
130 137 154 155 175 132 
6
133 139 156 157 177 135 
6
136 139 158 159 179 138 
6
141 145 148 149 154 143 
6
141 145 148 150 182 144 
6
141 146 153 155 183 144 
6
142 149 154 155 183 144 
6
145 151 156 157 185 147 
6
148 151 158 159 187 150 
6
153 156 158 159 190 155 
6
161 165 168 169 174 163 
6
161 165 168 170 182 164 
6
161 166 173 175 183 164 
6
162 169 174 175 183 164 
6
165 171 176 177 185 167 
6
168 171 178 179 187 170 
6
173 176 178 179 190 175 
6
181 184 186 187 190 183 
