160 192
1 1 1 1 1 1 1 1 1 1 1 1
1 1 1 1 1 1 1 1 1 1 1 1
1 1 1 1 1 1 1 1 1 1 1 1
1 1 1 1 1 1 1 1 1 1 1 1
1 1 1 1 1 1 1 1 1 1 1 1
1 1 1 1 1 1 1 1 1 1 1 1
1 1 1 1 1 1 1 1 1 1 1 1
1 1 1 1 1 1 1 1 1 1 1 1
1 1 1 1 1 1 1 1 1 1 1 1
1 1 1 1 1 1 1 1 1 1 1 1
1 1 1 1 1 1 1 1 1 1 1 1
1 1 1 1 1 1 1 1 1 1 1 1
1 1 1 1 1 1 1 1 1 1 1 1
1 1 1 1 1 1 1 1 1 1 1 1
1 1 1 1 1 1 1 1 1 1 1 1
1 1 1 1 1 1 1 1 1 1 1 1
8
1 7 12 13 30 26 21 3 
8
1 7 12 14 46 42 37 4 
8
1 7 12 15 74 70 65 5 
8
1 7 12 16 122 118 113 6 
8
1 8 21 23 53 43 37 4 
8
1 8 21 24 81 71 65 5 
8
1 8 21 25 129 119 113 6 
8
1 9 37 40 93 72 65 5 
8
1 9 37 41 141 120 113 6 
8
1 10 65 69 161 121 113 6 
8
2 13 22 23 54 47 38 4 
8
2 13 22 24 82 75 66 5 
8
2 13 22 25 130 123 114 6 
8
2 14 38 40 94 76 66 5 
8
2 14 38 41 142 124 114 6 
8
2 15 66 69 162 125 114 6 
8
3 23 39 40 95 83 67 5 
8
3 23 39 41 143 131 115 6 
8
3 24 67 69 163 132 115 6 
8
4 40 68 69 164 144 116 6 
8
7 17 26 27 57 50 42 9 
8
7 17 26 28 85 78 70 10 
8
7 17 26 29 133 126 118 11 
8
7 18 42 44 97 79 70 10 
8
7 18 42 45 145 127 118 11 
8
7 19 70 73 165 128 118 11 
8
8 27 43 44 98 86 71 10 
8
8 27 43 45 146 134 119 11 
8
8 28 71 73 166 135 119 11 
8
9 44 72 73 167 147 120 11 
8
12 17 30 31 60 50 46 14 
8
12 17 30 32 88 78 74 15 
8
12 17 30 33 136 126 122 16 
8
12 18 46 48 100 79 74 15 
8
12 18 46 49 148 127 122 16 
8
12 19 74 77 168 128 122 16 
8
13 31 47 48 101 89 75 15 
8
13 31 47 49 149 137 123 16 
8
13 32 75 77 169 138 123 16 
8
14 48 76 77 170 150 124 16 
8
17 34 50 51 103 91 78 19 
8
17 34 50 52 151 139 126 20 
8
17 35 78 80 171 140 126 20 
8
18 51 79 80 172 152 127 20 
8
21 26 30 31 60 57 53 23 
8
21 26 30 32 88 85 81 24 
8
21 26 30 33 136 133 129 25 
8
21 27 53 55 105 86 81 24 
8
21 27 53 56 153 134 129 25 
8
21 28 81 84 173 135 129 25 
8
22 31 54 55 106 89 82 24 
8
22 31 54 56 154 137 130 25 
8
22 32 82 84 174 138 130 25 
8
23 55 83 84 175 155 131 25 
8
26 34 57 58 108 91 85 28 
8
26 34 57 59 156 139 133 29 
8
26 35 85 87 176 140 133 29 
8
27 58 86 87 177 157 134 29 
8
30 34 60 61 110 91 88 32 
8
30 34 60 62 158 139 136 33 
8
30 35 88 90 178 140 136 33 
8
31 61 89 90 179 159 137 33 
8
34 63 91 92 180 160 139 36 
8
37 42 46 47 60 57 53 39 
8
37 42 46 48 100 97 93 40 
8
37 42 46 49 148 145 141 41 
8
37 43 53 55 105 98 93 40 
8
37 43 53 56 153 146 141 41 
8
37 44 93 96 181 147 141 41 
8
38 47 54 55 106 101 94 40 
8
38 47 54 56 154 149 142 41 
8
38 48 94 96 182 150 142 41 
8
39 55 95 96 183 155 143 41 
8
42 50 57 58 108 103 97 44 
8
42 50 57 59 156 151 145 45 
8
42 51 97 99 184 152 145 45 
8
43 58 98 99 185 157 146 45 
8
46 50 60 61 110 103 100 48 
8
46 50 60 62 158 151 148 49 
8
46 51 100 102 186 152 148 49 
8
47 61 101 102 187 159 149 49 
8
50 63 103 104 188 160 151 52 
8
53 57 60 61 110 108 105 55 
8
53 57 60 62 158 156 153 56 
8
53 58 105 107 189 157 153 56 
8
54 61 106 107 190 159 154 56 
8
57 63 108 109 191 160 156 59 
8
60 63 110 111 192 160 158 62 
8
65 70 74 75 88 85 81 67 
8
65 70 74 76 100 97 93 68 
8
65 70 74 77 168 165 161 69 
8
65 71 81 83 105 98 93 68 
8
65 71 81 84 173 166 161 69 
8
65 72 93 96 181 167 161 69 
8
66 75 82 83 106 101 94 68 
8
66 75 82 84 174 169 162 69 
8
66 76 94 96 182 170 162 69 
8
67 83 95 96 183 175 163 69 
8
70 78 85 86 108 103 97 72 
8
70 78 85 87 176 171 165 73 
8
70 79 97 99 184 172 165 73 
8
71 86 98 99 185 177 166 73 
8
74 78 88 89 110 103 100 76 
8
74 78 88 90 178 171 168 77 
8
74 79 100 102 186 172 168 77 
8
75 89 101 102 187 179 169 77 
8
78 91 103 104 188 180 171 80 
8
81 85 88 89 110 108 105 83 
8
81 85 88 90 178 176 173 84 
8
81 86 105 107 189 177 173 84 
8
82 89 106 107 190 179 174 84 
8
85 91 108 109 191 180 176 87 
8
88 91 110 111 192 180 178 90 
8
93 97 100 101 110 108 105 95 
8
93 97 100 102 186 184 181 96 
8
93 98 105 107 189 185 181 96 
8
94 101 106 107 190 187 182 96 
8
97 103 108 109 191 188 184 99 
8
100 103 110 111 192 188 186 102 
8
105 108 110 111 192 191 189 107 
8
113 118 122 123 136 133 129 115 
8
113 118 122 124 148 145 141 116 
8
113 118 122 125 168 165 161 117 
8
113 119 129 131 153 146 141 116 
8
113 119 129 132 173 166 161 117 
8
113 120 141 144 181 167 161 117 
8
114 123 130 131 154 149 142 116 
8
114 123 130 132 174 169 162 117 
8
114 124 142 144 182 170 162 117 
8
115 131 143 144 183 175 163 117 
8
118 126 133 134 156 151 145 120 
8
118 126 133 135 176 171 165 121 
8
118 127 145 147 184 172 165 121 
8
119 134 146 147 185 177 166 121 
8
122 126 136 137 158 151 148 124 
8
122 126 136 138 178 171 168 125 
8
122 127 148 150 186 172 168 125 
8
123 137 149 150 187 179 169 125 
8
126 139 151 152 188 180 171 128 
8
129 133 136 137 158 156 153 131 
8
129 133 136 138 178 176 173 132 
8
129 134 153 155 189 177 173 132 
8
130 137 154 155 190 179 174 132 
8
133 139 156 157 191 180 176 135 
8
136 139 158 159 192 180 178 138 
8
141 145 148 149 158 156 153 143 
8
141 145 148 150 186 184 181 144 
8
141 146 153 155 189 185 181 144 
8
142 149 154 155 190 187 182 144 
8
145 151 156 157 191 188 184 147 
8
148 151 158 159 192 188 186 150 
8
153 156 158 159 192 191 189 155 
8
161 165 168 169 178 176 173 163 
8
161 165 168 170 186 184 181 164 
8
161 166 173 175 189 185 181 164 
8
162 169 174 175 190 187 182 164 
8
165 171 176 177 191 188 184 167 
8
168 171 178 179 192 188 186 170 
8
173 176 178 179 192 191 189 175 
8
181 184 186 187 192 191 189 183 
