560 448
1 1 1 1 1 1 1 1 1 1 1 1
1 1 1 1 1 1 1 1 1 1 1 1
1 1 1 1 1 1 1 1 1 1 1 1
1 1 1 1 1 1 1 1 1 1 1 1
1 1 1 1 1 1 1 1 1 1 1 1
1 1 1 1 1 1 1 1 1 1 1 1
1 1 1 1 1 1 1 1 1 1 1 1
1 1 1 1 1 1 1 1 1 1 1 1
1 1 1 1 1 1 1 1 1 1 1 1
1 1 1 1 1 1 1 1 1 1 1 1
1 1 1 1 1 1 1 1 1 1 1 1
1 1 1 1 1 1 1 1 1 1 1 1
1 1 1 1 1 1 1 1 1 1 1 1
1 1 1 1 1 1 1 1 1 1 1 1
1 1 1 1 1 1 1 1 1 1 1 1
1 1 1 1 1 1 1 1 1 1 1 1
1 1 1 1 1 1 1 1 1 1 1 1
1 1 1 1 1 1 1 1 1 1 1 1
1 1 1 1 1 1 1 1 1 1 1 1
1 1 1 1 1 1 1 1 1 1 1 1
1 1 1 1 1 1 1 1 1 1 1 1
1 1 1 1 1 1 1 1 1 1 1 1
1 1 1 1 1 1 1 1 1 1 1 1
1 1 1 1 1 1 1 1 1 1 1 1
1 1 1 1 1 1 1 1 1 1 1 1
1 1 1 1 1 1 1 1 1 1 1 1
1 1 1 1 1 1 1 1 1 1 1 1
1 1 1 1 1 1 1 1 1 1 1 1
1 1 1 1 1 1 1 1 1 1 1 1
1 1 1 1 1 1 1 1 1 1 1 1
1 1 1 1 1 1 1 1 1 1 1 1
1 1 1 1 1 1 1 1 1 1 1 1
1 1 1 1 1 1 1 1 1 1 1 1
1 1 1 1 1 1 1 1 1 1 1 1
1 1 1 1 1 1 1 1 1 1 1 1
1 1 1 1 1 1 1 1 1 1 1 1
1 1 1 1 1 1 1 1 1 1 1 1
1 1 1 1 6
1 8 14 15 26 3 
6
1 8 14 16 46 4 
6
1 8 14 17 82 5 
6
1 8 14 18 146 6 
6
1 8 14 19 258 7 
6
1 9 25 27 47 4 
6
1 9 25 28 83 5 
6
1 9 25 29 147 6 
6
1 9 25 30 259 7 
6
1 10 45 48 84 5 
6
1 10 45 49 148 6 
6
1 10 45 50 260 7 
6
1 11 81 85 149 6 
6
1 11 81 86 261 7 
6
1 12 145 150 262 7 
6
2 15 26 27 47 4 
6
2 15 26 28 83 5 
6
2 15 26 29 147 6 
6
2 15 26 30 259 7 
6
2 16 46 48 84 5 
6
2 16 46 49 148 6 
6
2 16 46 50 260 7 
6
2 17 82 85 149 6 
6
2 17 82 86 261 7 
6
2 18 146 150 262 7 
6
3 27 47 48 84 5 
6
3 27 47 49 148 6 
6
3 27 47 50 260 7 
6
3 28 83 85 149 6 
6
3 28 83 86 261 7 
6
3 29 147 150 262 7 
6
4 48 84 85 149 6 
6
4 48 84 86 261 7 
6
4 49 148 150 262 7 
6
5 85 149 150 262 7 
6
8 20 31 32 52 10 
6
8 20 31 33 88 11 
6
8 20 31 34 152 12 
6
8 20 31 35 264 13 
6
8 21 51 53 89 11 
6
8 21 51 54 153 12 
6
8 21 51 55 265 13 
6
8 22 87 90 154 12 
6
8 22 87 91 266 13 
6
8 23 151 155 267 13 
6
9 32 52 53 89 11 
6
9 32 52 54 153 12 
6
9 32 52 55 265 13 
6
9 33 88 90 154 12 
6
9 33 88 91 266 13 
6
9 34 152 155 267 13 
6
10 53 89 90 154 12 
6
10 53 89 91 266 13 
6
10 54 153 155 267 13 
6
11 90 154 155 267 13 
6
14 20 36 37 57 16 
6
14 20 36 38 93 17 
6
14 20 36 39 157 18 
6
14 20 36 40 269 19 
6
14 21 56 58 94 17 
6
14 21 56 59 158 18 
6
14 21 56 60 270 19 
6
14 22 92 95 159 18 
6
14 22 92 96 271 19 
6
14 23 156 160 272 19 
6
15 37 57 58 94 17 
6
15 37 57 59 158 18 
6
15 37 57 60 270 19 
6
15 38 93 95 159 18 
6
15 38 93 96 271 19 
6
15 39 157 160 272 19 
6
16 58 94 95 159 18 
6
16 58 94 96 271 19 
6
16 59 158 160 272 19 
6
17 95 159 160 272 19 
6
20 41 61 62 98 22 
6
20 41 61 63 162 23 
6
20 41 61 64 274 24 
6
20 42 97 99 163 23 
6
20 42 97 100 275 24 
6
20 43 161 164 276 24 
6
21 62 98 99 163 23 
6
21 62 98 100 275 24 
6
21 63 162 164 276 24 
6
22 99 163 164 276 24 
6
25 31 36 37 66 27 
6
25 31 36 38 102 28 
6
25 31 36 39 166 29 
6
25 31 36 40 278 30 
6
25 32 65 67 103 28 
6
25 32 65 68 167 29 
6
25 32 65 69 279 30 
6
25 33 101 104 168 29 
6
25 33 101 105 280 30 
6
25 34 165 169 281 30 
6
26 37 66 67 103 28 
6
26 37 66 68 167 29 
6
26 37 66 69 279 30 
6
26 38 102 104 168 29 
6
26 38 102 105 280 30 
6
26 39 166 169 281 30 
6
27 67 103 104 168 29 
6
27 67 103 105 280 30 
6
27 68 167 169 281 30 
6
28 104 168 169 281 30 
6
31 41 70 71 107 33 
6
31 41 70 72 171 34 
6
31 41 70 73 283 35 
6
31 42 106 108 172 34 
6
31 42 106 109 284 35 
6
31 43 170 173 285 35 
6
32 71 107 108 172 34 
6
32 71 107 109 284 35 
6
32 72 171 173 285 35 
6
33 108 172 173 285 35 
6
36 41 74 75 111 38 
6
36 41 74 76 175 39 
6
36 41 74 77 287 40 
6
36 42 110 112 176 39 
6
36 42 110 113 288 40 
6
36 43 174 177 289 40 
6
37 75 111 112 176 39 
6
37 75 111 113 288 40 
6
37 76 175 177 289 40 
6
38 112 176 177 289 40 
6
41 78 114 115 179 43 
6
41 78 114 116 291 44 
6
41 79 178 180 292 44 
6
42 115 179 180 292 44 
6
45 51 56 57 66 47 
6
45 51 56 58 118 48 
6
45 51 56 59 182 49 
6
45 51 56 60 294 50 
6
45 52 65 67 119 48 
6
45 52 65 68 183 49 
6
45 52 65 69 295 50 
6
45 53 117 120 184 49 
6
45 53 117 121 296 50 
6
45 54 181 185 297 50 
6
46 57 66 67 119 48 
6
46 57 66 68 183 49 
6
46 57 66 69 295 50 
6
46 58 118 120 184 49 
6
46 58 118 121 296 50 
6
46 59 182 185 297 50 
6
47 67 119 120 184 49 
6
47 67 119 121 296 50 
6
47 68 183 185 297 50 
6
48 120 184 185 297 50 
6
51 61 70 71 123 53 
6
51 61 70 72 187 54 
6
51 61 70 73 299 55 
6
51 62 122 124 188 54 
6
51 62 122 125 300 55 
6
51 63 186 189 301 55 
6
52 71 123 124 188 54 
6
52 71 123 125 300 55 
6
52 72 187 189 301 55 
6
53 124 188 189 301 55 
6
56 61 74 75 127 58 
6
56 61 74 76 191 59 
6
56 61 74 77 303 60 
6
56 62 126 128 192 59 
6
56 62 126 129 304 60 
6
56 63 190 193 305 60 
6
57 75 127 128 192 59 
6
57 75 127 129 304 60 
6
57 76 191 193 305 60 
6
58 128 192 193 305 60 
6
61 78 130 131 195 63 
6
61 78 130 132 307 64 
6
61 79 194 196 308 64 
6
62 131 195 196 308 64 
6
65 70 74 75 134 67 
6
65 70 74 76 198 68 
6
65 70 74 77 310 69 
6
65 71 133 135 199 68 
6
65 71 133 136 311 69 
6
65 72 197 200 312 69 
6
66 75 134 135 199 68 
6
66 75 134 136 311 69 
6
66 76 198 200 312 69 
6
67 135 199 200 312 69 
6
70 78 137 138 202 72 
6
70 78 137 139 314 73 
6
70 79 201 203 315 73 
6
71 138 202 203 315 73 
6
74 78 140 141 205 76 
6
74 78 140 142 317 77 
6
74 79 204 206 318 77 
6
75 141 205 206 318 77 
6
78 143 207 208 320 80 
6
81 87 92 93 102 83 
6
81 87 92 94 118 84 
6
81 87 92 95 210 85 
6
81 87 92 96 322 86 
6
81 88 101 103 119 84 
6
81 88 101 104 211 85 
6
81 88 101 105 323 86 
6
81 89 117 120 212 85 
6
81 89 117 121 324 86 
6
81 90 209 213 325 86 
6
82 93 102 103 119 84 
6
82 93 102 104 211 85 
6
82 93 102 105 323 86 
6
82 94 118 120 212 85 
6
82 94 118 121 324 86 
6
82 95 210 213 325 86 
6
83 103 119 120 212 85 
6
83 103 119 121 324 86 
6
83 104 211 213 325 86 
6
84 120 212 213 325 86 
6
87 97 106 107 123 89 
6
87 97 106 108 215 90 
6
87 97 106 109 327 91 
6
87 98 122 124 216 90 
6
87 98 122 125 328 91 
6
87 99 214 217 329 91 
6
88 107 123 124 216 90 
6
88 107 123 125 328 91 
6
88 108 215 217 329 91 
6
89 124 216 217 329 91 
6
92 97 110 111 127 94 
6
92 97 110 112 219 95 
6
92 97 110 113 331 96 
6
92 98 126 128 220 95 
6
92 98 126 129 332 96 
6
92 99 218 221 333 96 
6
93 111 127 128 220 95 
6
93 111 127 129 332 96 
6
93 112 219 221 333 96 
6
94 128 220 221 333 96 
6
97 114 130 131 223 99 
6
97 114 130 132 335 100 
6
97 115 222 224 336 100 
6
98 131 223 224 336 100 
6
101 106 110 111 134 103 
6
101 106 110 112 226 104 
6
101 106 110 113 338 105 
6
101 107 133 135 227 104 
6
101 107 133 136 339 105 
6
101 108 225 228 340 105 
6
102 111 134 135 227 104 
6
102 111 134 136 339 105 
6
102 112 226 228 340 105 
6
103 135 227 228 340 105 
6
106 114 137 138 230 108 
6
106 114 137 139 342 109 
6
106 115 229 231 343 109 
6
107 138 230 231 343 109 
6
110 114 140 141 233 112 
6
110 114 140 142 345 113 
6
110 115 232 234 346 113 
6
111 141 233 234 346 113 
6
114 143 235 236 348 116 
6
117 122 126 127 134 119 
6
117 122 126 128 238 120 
6
117 122 126 129 350 121 
6
117 123 133 135 239 120 
6
117 123 133 136 351 121 
6
117 124 237 240 352 121 
6
118 127 134 135 239 120 
6
118 127 134 136 351 121 
6
118 128 238 240 352 121 
6
119 135 239 240 352 121 
6
122 130 137 138 242 124 
6
122 130 137 139 354 125 
6
122 131 241 243 355 125 
6
123 138 242 243 355 125 
6
126 130 140 141 245 128 
6
126 130 140 142 357 129 
6
126 131 244 246 358 129 
6
127 141 245 246 358 129 
6
130 143 247 248 360 132 
6
133 137 140 141 250 135 
6
133 137 140 142 362 136 
6
133 138 249 251 363 136 
6
134 141 250 251 363 136 
6
137 143 252 253 365 139 
6
140 143 254 255 367 142 
6
145 151 156 157 166 147 
6
145 151 156 158 182 148 
6
145 151 156 159 210 149 
6
145 151 156 160 370 150 
6
145 152 165 167 183 148 
6
145 152 165 168 211 149 
6
145 152 165 169 371 150 
6
145 153 181 184 212 149 
6
145 153 181 185 372 150 
6
145 154 209 213 373 150 
6
146 157 166 167 183 148 
6
146 157 166 168 211 149 
6
146 157 166 169 371 150 
6
146 158 182 184 212 149 
6
146 158 182 185 372 150 
6
146 159 210 213 373 150 
6
147 167 183 184 212 149 
6
147 167 183 185 372 150 
6
147 168 211 213 373 150 
6
148 184 212 213 373 150 
6
151 161 170 171 187 153 
6
151 161 170 172 215 154 
6
151 161 170 173 375 155 
6
151 162 186 188 216 154 
6
151 162 186 189 376 155 
6
151 163 214 217 377 155 
6
152 171 187 188 216 154 
6
152 171 187 189 376 155 
6
152 172 215 217 377 155 
6
153 188 216 217 377 155 
6
156 161 174 175 191 158 
6
156 161 174 176 219 159 
6
156 161 174 177 379 160 
6
156 162 190 192 220 159 
6
156 162 190 193 380 160 
6
156 163 218 221 381 160 
6
157 175 191 192 220 159 
6
157 175 191 193 380 160 
6
157 176 219 221 381 160 
6
158 192 220 221 381 160 
6
161 178 194 195 223 163 
6
161 178 194 196 383 164 
6
161 179 222 224 384 164 
6
162 195 223 224 384 164 
6
165 170 174 175 198 167 
6
165 170 174 176 226 168 
6
165 170 174 177 386 169 
6
165 171 197 199 227 168 
6
165 171 197 200 387 169 
6
165 172 225 228 388 169 
6
166 175 198 199 227 168 
6
166 175 198 200 387 169 
6
166 176 226 228 388 169 
6
167 199 227 228 388 169 
6
170 178 201 202 230 172 
6
170 178 201 203 390 173 
6
170 179 229 231 391 173 
6
171 202 230 231 391 173 
6
174 178 204 205 233 176 
6
174 178 204 206 393 177 
6
174 179 232 234 394 177 
6
175 205 233 234 394 177 
6
178 207 235 236 396 180 
6
181 186 190 191 198 183 
6
181 186 190 192 238 184 
6
181 186 190 193 398 185 
6
181 187 197 199 239 184 
6
181 187 197 200 399 185 
6
181 188 237 240 400 185 
6
182 191 198 199 239 184 
6
182 191 198 200 399 185 
6
182 192 238 240 400 185 
6
183 199 239 240 400 185 
6
186 194 201 202 242 188 
6
186 194 201 203 402 189 
6
186 195 241 243 403 189 
6
187 202 242 243 403 189 
6
190 194 204 205 245 192 
6
190 194 204 206 405 193 
6
190 195 244 246 406 193 
6
191 205 245 246 406 193 
6
194 207 247 248 408 196 
6
197 201 204 205 250 199 
6
197 201 204 206 410 200 
6
197 202 249 251 411 200 
6
198 205 250 251 411 200 
6
201 207 252 253 413 203 
6
204 207 254 255 415 206 
6
209 214 218 219 226 211 
6
209 214 218 220 238 212 
6
209 214 218 221 418 213 
6
209 215 225 227 239 212 
6
209 215 225 228 419 213 
6
209 216 237 240 420 213 
6
210 219 226 227 239 212 
6
210 219 226 228 419 213 
6
210 220 238 240 420 213 
6
211 227 239 240 420 213 
6
214 222 229 230 242 216 
6
214 222 229 231 422 217 
6
214 223 241 243 423 217 
6
215 230 242 243 423 217 
6
218 222 232 233 245 220 
6
218 222 232 234 425 221 
6
218 223 244 246 426 221 
6
219 233 245 246 426 221 
6
222 235 247 248 428 224 
6
225 229 232 233 250 227 
6
225 229 232 234 430 228 
6
225 230 249 251 431 228 
6
226 233 250 251 431 228 
6
229 235 252 253 433 231 
6
232 235 254 255 435 234 
6
237 241 244 245 250 239 
6
237 241 244 246 438 240 
6
237 242 249 251 439 240 
6
238 245 250 251 439 240 
6
241 247 252 253 441 243 
6
244 247 254 255 443 246 
6
249 252 254 255 446 251 
6
257 263 268 269 278 259 
6
257 263 268 270 294 260 
6
257 263 268 271 322 261 
6
257 263 268 272 370 262 
6
257 264 277 279 295 260 
6
257 264 277 280 323 261 
6
257 264 277 281 371 262 
6
257 265 293 296 324 261 
6
257 265 293 297 372 262 
6
257 266 321 325 373 262 
6
258 269 278 279 295 260 
6
258 269 278 280 323 261 
6
258 269 278 281 371 262 
6
258 270 294 296 324 261 
6
258 270 294 297 372 262 
6
258 271 322 325 373 262 
6
259 279 295 296 324 261 
6
259 279 295 297 372 262 
6
259 280 323 325 373 262 
6
260 296 324 325 373 262 
6
263 273 282 283 299 265 
6
263 273 282 284 327 266 
6
263 273 282 285 375 267 
6
263 274 298 300 328 266 
6
263 274 298 301 376 267 
6
263 275 326 329 377 267 
6
264 283 299 300 328 266 
6
264 283 299 301 376 267 
6
264 284 327 329 377 267 
6
265 300 328 329 377 267 
6
268 273 286 287 303 270 
6
268 273 286 288 331 271 
6
268 273 286 289 379 272 
6
268 274 302 304 332 271 
6
268 274 302 305 380 272 
6
268 275 330 333 381 272 
6
269 287 303 304 332 271 
6
269 287 303 305 380 272 
6
269 288 331 333 381 272 
6
270 304 332 333 381 272 
6
273 290 306 307 335 275 
6
273 290 306 308 383 276 
6
273 291 334 336 384 276 
6
274 307 335 336 384 276 
6
277 282 286 287 310 279 
6
277 282 286 288 338 280 
6
277 282 286 289 386 281 
6
277 283 309 311 339 280 
6
277 283 309 312 387 281 
6
277 284 337 340 388 281 
6
278 287 310 311 339 280 
6
278 287 310 312 387 281 
6
278 288 338 340 388 281 
6
279 311 339 340 388 281 
6
282 290 313 314 342 284 
6
282 290 313 315 390 285 
6
282 291 341 343 391 285 
6
283 314 342 343 391 285 
6
286 290 316 317 345 288 
6
286 290 316 318 393 289 
6
286 291 344 346 394 289 
6
287 317 345 346 394 289 
6
290 319 347 348 396 292 
6
293 298 302 303 310 295 
6
293 298 302 304 350 296 
6
293 298 302 305 398 297 
6
293 299 309 311 351 296 
6
293 299 309 312 399 297 
6
293 300 349 352 400 297 
6
294 303 310 311 351 296 
6
294 303 310 312 399 297 
6
294 304 350 352 400 297 
6
295 311 351 352 400 297 
6
298 306 313 314 354 300 
6
298 306 313 315 402 301 
6
298 307 353 355 403 301 
6
299 314 354 355 403 301 
6
302 306 316 317 357 304 
6
302 306 316 318 405 305 
6
302 307 356 358 406 305 
6
303 317 357 358 406 305 
6
306 319 359 360 408 308 
6
309 313 316 317 362 311 
6
309 313 316 318 410 312 
6
309 314 361 363 411 312 
6
310 317 362 363 411 312 
6
313 319 364 365 413 315 
6
316 319 366 367 415 318 
6
321 326 330 331 338 323 
6
321 326 330 332 350 324 
6
321 326 330 333 418 325 
6
321 327 337 339 351 324 
6
321 327 337 340 419 325 
6
321 328 349 352 420 325 
6
322 331 338 339 351 324 
6
322 331 338 340 419 325 
6
322 332 350 352 420 325 
6
323 339 351 352 420 325 
6
326 334 341 342 354 328 
6
326 334 341 343 422 329 
6
326 335 353 355 423 329 
6
327 342 354 355 423 329 
6
330 334 344 345 357 332 
6
330 334 344 346 425 333 
6
330 335 356 358 426 333 
6
331 345 357 358 426 333 
6
334 347 359 360 428 336 
6
337 341 344 345 362 339 
6
337 341 344 346 430 340 
6
337 342 361 363 431 340 
6
338 345 362 363 431 340 
6
341 347 364 365 433 343 
6
344 347 366 367 435 346 
6
349 353 356 357 362 351 
6
349 353 356 358 438 352 
6
349 354 361 363 439 352 
6
350 357 362 363 439 352 
6
353 359 364 365 441 355 
6
356 359 366 367 443 358 
6
361 364 366 367 446 363 
6
369 374 378 379 386 371 
6
369 374 378 380 398 372 
6
369 374 378 381 418 373 
6
369 375 385 387 399 372 
6
369 375 385 388 419 373 
6
369 376 397 400 420 373 
6
370 379 386 387 399 372 
6
370 379 386 388 419 373 
6
370 380 398 400 420 373 
6
371 387 399 400 420 373 
6
374 382 389 390 402 376 
6
374 382 389 391 422 377 
6
374 383 401 403 423 377 
6
375 390 402 403 423 377 
6
378 382 392 393 405 380 
6
378 382 392 394 425 381 
6
378 383 404 406 426 381 
6
379 393 405 406 426 381 
6
382 395 407 408 428 384 
6
385 389 392 393 410 387 
6
385 389 392 394 430 388 
6
385 390 409 411 431 388 
6
386 393 410 411 431 388 
6
389 395 412 413 433 391 
6
392 395 414 415 435 394 
6
397 401 404 405 410 399 
6
397 401 404 406 438 400 
6
397 402 409 411 439 400 
6
398 405 410 411 439 400 
6
401 407 412 413 441 403 
6
404 407 414 415 443 406 
6
409 412 414 415 446 411 
6
417 421 424 425 430 419 
6
417 421 424 426 438 420 
6
417 422 429 431 439 420 
6
418 425 430 431 439 420 
6
421 427 432 433 441 423 
6
424 427 434 435 443 426 
6
429 432 434 435 446 431 
6
437 440 442 443 446 439 
