1792 1024
1 1 1 1 1 1 1 1 1 1 1 1
1 1 1 1 1 1 1 1 1 1 1 1
1 1 1 1 1 1 1 1 1 1 1 1
1 1 1 1 1 1 1 1 1 1 1 1
1 1 1 1 1 1 1 1 1 1 1 1
1 1 1 1 1 1 1 1 1 1 1 1
1 1 1 1 1 1 1 1 1 1 1 1
1 1 1 1 1 1 1 1 1 1 1 1
1 1 1 1 1 1 1 1 1 1 1 1
1 1 1 1 1 1 1 1 1 1 1 1
1 1 1 1 1 1 1 1 1 1 1 1
1 1 1 1 1 1 1 1 1 1 1 1
1 1 1 1 1 1 1 1 1 1 1 1
1 1 1 1 1 1 1 1 1 1 1 1
1 1 1 1 1 1 1 1 1 1 1 1
1 1 1 1 1 1 1 1 1 1 1 1
1 1 1 1 1 1 1 1 1 1 1 1
1 1 1 1 1 1 1 1 1 1 1 1
1 1 1 1 1 1 1 1 1 1 1 1
1 1 1 1 1 1 1 1 1 1 1 1
1 1 1 1 1 1 1 1 1 1 1 1
1 1 1 1 1 1 1 1 1 1 1 1
1 1 1 1 1 1 1 1 1 1 1 1
1 1 1 1 1 1 1 1 1 1 1 1
1 1 1 1 1 1 1 1 1 1 1 1
1 1 1 1 1 1 1 1 1 1 1 1
1 1 1 1 1 1 1 1 1 1 1 1
1 1 1 1 1 1 1 1 1 1 1 1
1 1 1 1 1 1 1 1 1 1 1 1
1 1 1 1 1 1 1 1 1 1 1 1
1 1 1 1 1 1 1 1 1 1 1 1
1 1 1 1 1 1 1 1 1 1 1 1
1 1 1 1 1 1 1 1 1 1 1 1
1 1 1 1 1 1 1 1 1 1 1 1
1 1 1 1 1 1 1 1 1 1 1 1
1 1 1 1 1 1 1 1 1 1 1 1
1 1 1 1 1 1 1 1 1 1 1 1
1 1 1 1 1 1 1 1 1 1 1 1
1 1 1 1 1 1 1 1 1 1 1 1
1 1 1 1 1 1 1 1 1 1 1 1
1 1 1 1 1 1 1 1 1 1 1 1
1 1 1 1 1 1 1 1 1 1 1 1
1 1 1 1 1 1 1 1 1 1 1 1
1 1 1 1 1 1 1 1 1 1 1 1
1 1 1 1 1 1 1 1 1 1 1 1
1 1 1 1 1 1 1 1 1 1 1 1
1 1 1 1 1 1 1 1 1 1 1 1
1 1 1 1 1 1 1 1 1 1 1 1
1 1 1 1 1 1 1 1 1 1 1 1
1 1 1 1 1 1 1 1 1 1 1 1
1 1 1 1 1 1 1 1 1 1 1 1
1 1 1 1 1 1 1 1 1 1 1 1
1 1 1 1 1 1 1 1 1 1 1 1
1 1 1 1 1 1 1 1 1 1 1 1
1 1 1 1 1 1 1 1 1 1 1 1
1 1 1 1 1 1 1 1 1 1 1 1
1 1 1 1 1 1 1 1 1 1 1 1
1 1 1 1 1 1 1 1 1 1 1 1
1 1 1 1 1 1 1 1 1 1 1 1
1 1 1 1 1 1 1 1 1 1 1 1
1 1 1 1 1 1 1 1 1 1 1 1
1 1 1 1 1 1 1 1 1 1 1 1
1 1 1 1 1 1 1 1 1 1 1 1
1 1 1 1 1 1 1 1 1 1 1 1
1 1 1 1 1 1 1 1 1 1 1 1
1 1 1 1 1 1 1 1 1 1 1 1
1 1 1 1 1 1 1 1 1 1 1 1
1 1 1 1 1 1 1 1 1 1 1 1
1 1 1 1 1 1 1 1 1 1 1 1
1 1 1 1 1 1 1 1 1 1 1 1
1 1 1 1 1 1 1 1 1 1 1 1
1 1 1 1 1 1 1 1 1 1 1 1
1 1 1 1 1 1 1 1 1 1 1 1
1 1 1 1 1 1 1 1 1 1 1 1
1 1 1 1 1 1 1 1 1 1 1 1
1 1 1 1 1 1 1 1 1 1 1 1
1 1 1 1 1 1 1 1 1 1 1 1
1 1 1 1 1 1 1 1 1 1 1 1
1 1 1 1 1 1 1 1 1 1 1 1
1 1 1 1 1 1 1 1 1 1 1 1
1 1 1 1 1 1 1 1 1 1 1 1
1 1 1 1 1 1 1 1 1 1 1 1
1 1 1 1 1 1 1 1 1 1 1 1
1 1 1 1 1 1 1 1 1 1 1 1
1 1 1 1 1 1 1 1 1 1 1 1
1 1 1 1 8
1 9 16 17 42 36 29 3 
8
1 9 16 18 66 60 53 4 
8
1 9 16 19 110 104 97 5 
8
1 9 16 20 190 184 177 6 
8
1 9 16 21 334 328 321 7 
8
1 9 16 22 590 584 577 8 
8
1 10 29 31 77 61 53 4 
8
1 10 29 32 121 105 97 5 
8
1 10 29 33 201 185 177 6 
8
1 10 29 34 345 329 321 7 
8
1 10 29 35 601 585 577 8 
8
1 11 53 56 141 106 97 5 
8
1 11 53 57 221 186 177 6 
8
1 11 53 58 365 330 321 7 
8
1 11 53 59 621 586 577 8 
8
1 12 97 101 257 187 177 6 
8
1 12 97 102 401 331 321 7 
8
1 12 97 103 657 587 577 8 
8
1 13 177 182 465 332 321 7 
8
1 13 177 183 721 588 577 8 
8
1 14 321 327 833 589 577 8 
8
2 17 30 31 78 67 54 4 
8
2 17 30 32 122 111 98 5 
8
2 17 30 33 202 191 178 6 
8
2 17 30 34 346 335 322 7 
8
2 17 30 35 602 591 578 8 
8
2 18 54 56 142 112 98 5 
8
2 18 54 57 222 192 178 6 
8
2 18 54 58 366 336 322 7 
8
2 18 54 59 622 592 578 8 
8
2 19 98 101 258 193 178 6 
8
2 19 98 102 402 337 322 7 
8
2 19 98 103 658 593 578 8 
8
2 20 178 182 466 338 322 7 
8
2 20 178 183 722 594 578 8 
8
2 21 322 327 834 595 578 8 
8
3 31 55 56 143 123 99 5 
8
3 31 55 57 223 203 179 6 
8
3 31 55 58 367 347 323 7 
8
3 31 55 59 623 603 579 8 
8
3 32 99 101 259 204 179 6 
8
3 32 99 102 403 348 323 7 
8
3 32 99 103 659 604 579 8 
8
3 33 179 182 467 349 323 7 
8
3 33 179 183 723 605 579 8 
8
3 34 323 327 835 606 579 8 
8
4 56 100 101 260 224 180 6 
8
4 56 100 102 404 368 324 7 
8
4 56 100 103 660 624 580 8 
8
4 57 180 182 468 369 324 7 
8
4 57 180 183 724 625 580 8 
8
4 58 324 327 836 626 580 8 
8
5 101 181 182 469 405 325 7 
8
5 101 181 183 725 661 581 8 
8
5 102 325 327 837 662 581 8 
8
6 182 326 327 838 726 582 8 
8
9 23 36 37 83 72 60 11 
8
9 23 36 38 127 116 104 12 
8
9 23 36 39 207 196 184 13 
8
9 23 36 40 351 340 328 14 
8
9 23 36 41 607 596 584 15 
8
9 24 60 62 147 117 104 12 
8
9 24 60 63 227 197 184 13 
8
9 24 60 64 371 341 328 14 
8
9 24 60 65 627 597 584 15 
8
9 25 104 107 263 198 184 13 
8
9 25 104 108 407 342 328 14 
8
9 25 104 109 663 598 584 15 
8
9 26 184 188 471 343 328 14 
8
9 26 184 189 727 599 584 15 
8
9 27 328 333 839 600 584 15 
8
10 37 61 62 148 128 105 12 
8
10 37 61 63 228 208 185 13 
8
10 37 61 64 372 352 329 14 
8
10 37 61 65 628 608 585 15 
8
10 38 105 107 264 209 185 13 
8
10 38 105 108 408 353 329 14 
8
10 38 105 109 664 609 585 15 
8
10 39 185 188 472 354 329 14 
8
10 39 185 189 728 610 585 15 
8
10 40 329 333 840 611 585 15 
8
11 62 106 107 265 229 186 13 
8
11 62 106 108 409 373 330 14 
8
11 62 106 109 665 629 586 15 
8
11 63 186 188 473 374 330 14 
8
11 63 186 189 729 630 586 15 
8
11 64 330 333 841 631 586 15 
8
12 107 187 188 474 410 331 14 
8
12 107 187 189 730 666 587 15 
8
12 108 331 333 842 667 587 15 
8
13 188 332 333 843 731 588 15 
8
16 23 42 43 88 72 66 18 
8
16 23 42 44 132 116 110 19 
8
16 23 42 45 212 196 190 20 
8
16 23 42 46 356 340 334 21 
8
16 23 42 47 612 596 590 22 
8
16 24 66 68 152 117 110 19 
8
16 24 66 69 232 197 190 20 
8
16 24 66 70 376 341 334 21 
8
16 24 66 71 632 597 590 22 
8
16 25 110 113 268 198 190 20 
8
16 25 110 114 412 342 334 21 
8
16 25 110 115 668 598 590 22 
8
16 26 190 194 476 343 334 21 
8
16 26 190 195 732 599 590 22 
8
16 27 334 339 844 600 590 22 
8
17 43 67 68 153 133 111 19 
8
17 43 67 69 233 213 191 20 
8
17 43 67 70 377 357 335 21 
8
17 43 67 71 633 613 591 22 
8
17 44 111 113 269 214 191 20 
8
17 44 111 114 413 358 335 21 
8
17 44 111 115 669 614 591 22 
8
17 45 191 194 477 359 335 21 
8
17 45 191 195 733 615 591 22 
8
17 46 335 339 845 616 591 22 
8
18 68 112 113 270 234 192 20 
8
18 68 112 114 414 378 336 21 
8
18 68 112 115 670 634 592 22 
8
18 69 192 194 478 379 336 21 
8
18 69 192 195 734 635 592 22 
8
18 70 336 339 846 636 592 22 
8
19 113 193 194 479 415 337 21 
8
19 113 193 195 735 671 593 22 
8
19 114 337 339 847 672 593 22 
8
20 194 338 339 848 736 594 22 
8
23 48 72 73 157 137 116 25 
8
23 48 72 74 237 217 196 26 
8
23 48 72 75 381 361 340 27 
8
23 48 72 76 637 617 596 28 
8
23 49 116 118 273 218 196 26 
8
23 49 116 119 417 362 340 27 
8
23 49 116 120 673 618 596 28 
8
23 50 196 199 481 363 340 27 
8
23 50 196 200 737 619 596 28 
8
23 51 340 344 849 620 596 28 
8
24 73 117 118 274 238 197 26 
8
24 73 117 119 418 382 341 27 
8
24 73 117 120 674 638 597 28 
8
24 74 197 199 482 383 341 27 
8
24 74 197 200 738 639 597 28 
8
24 75 341 344 850 640 597 28 
8
25 118 198 199 483 419 342 27 
8
25 118 198 200 739 675 598 28 
8
25 119 342 344 851 676 598 28 
8
26 199 343 344 852 740 599 28 
8
29 36 42 43 88 83 77 31 
8
29 36 42 44 132 127 121 32 
8
29 36 42 45 212 207 201 33 
8
29 36 42 46 356 351 345 34 
8
29 36 42 47 612 607 601 35 
8
29 37 77 79 161 128 121 32 
8
29 37 77 80 241 208 201 33 
8
29 37 77 81 385 352 345 34 
8
29 37 77 82 641 608 601 35 
8
29 38 121 124 277 209 201 33 
8
29 38 121 125 421 353 345 34 
8
29 38 121 126 677 609 601 35 
8
29 39 201 205 485 354 345 34 
8
29 39 201 206 741 610 601 35 
8
29 40 345 350 853 611 601 35 
8
30 43 78 79 162 133 122 32 
8
30 43 78 80 242 213 202 33 
8
30 43 78 81 386 357 346 34 
8
30 43 78 82 642 613 602 35 
8
30 44 122 124 278 214 202 33 
8
30 44 122 125 422 358 346 34 
8
30 44 122 126 678 614 602 35 
8
30 45 202 205 486 359 346 34 
8
30 45 202 206 742 615 602 35 
8
30 46 346 350 854 616 602 35 
8
31 79 123 124 279 243 203 33 
8
31 79 123 125 423 387 347 34 
8
31 79 123 126 679 643 603 35 
8
31 80 203 205 487 388 347 34 
8
31 80 203 206 743 644 603 35 
8
31 81 347 350 855 645 603 35 
8
32 124 204 205 488 424 348 34 
8
32 124 204 206 744 680 604 35 
8
32 125 348 350 856 681 604 35 
8
33 205 349 350 857 745 605 35 
8
36 48 83 84 166 137 127 38 
8
36 48 83 85 246 217 207 39 
8
36 48 83 86 390 361 351 40 
8
36 48 83 87 646 617 607 41 
8
36 49 127 129 282 218 207 39 
8
36 49 127 130 426 362 351 40 
8
36 49 127 131 682 618 607 41 
8
36 50 207 210 490 363 351 40 
8
36 50 207 211 746 619 607 41 
8
36 51 351 355 858 620 607 41 
8
37 84 128 129 283 247 208 39 
8
37 84 128 130 427 391 352 40 
8
37 84 128 131 683 647 608 41 
8
37 85 208 210 491 392 352 40 
8
37 85 208 211 747 648 608 41 
8
37 86 352 355 859 649 608 41 
8
38 129 209 210 492 428 353 40 
8
38 129 209 211 748 684 609 41 
8
38 130 353 355 860 685 609 41 
8
39 210 354 355 861 749 610 41 
8
42 48 88 89 170 137 132 44 
8
42 48 88 90 250 217 212 45 
8
42 48 88 91 394 361 356 46 
8
42 48 88 92 650 617 612 47 
8
42 49 132 134 286 218 212 45 
8
42 49 132 135 430 362 356 46 
8
42 49 132 136 686 618 612 47 
8
42 50 212 215 494 363 356 46 
8
42 50 212 216 750 619 612 47 
8
42 51 356 360 862 620 612 47 
8
43 89 133 134 287 251 213 45 
8
43 89 133 135 431 395 357 46 
8
43 89 133 136 687 651 613 47 
8
43 90 213 215 495 396 357 46 
8
43 90 213 216 751 652 613 47 
8
43 91 357 360 863 653 613 47 
8
44 134 214 215 496 432 358 46 
8
44 134 214 216 752 688 614 47 
8
44 135 358 360 864 689 614 47 
8
45 215 359 360 865 753 615 47 
8
48 93 137 138 290 254 217 50 
8
48 93 137 139 434 398 361 51 
8
48 93 137 140 690 654 617 52 
8
48 94 217 219 498 399 361 51 
8
48 94 217 220 754 655 617 52 
8
48 95 361 364 866 656 617 52 
8
49 138 218 219 499 435 362 51 
8
49 138 218 220 755 691 618 52 
8
49 139 362 364 867 692 618 52 
8
50 219 363 364 868 756 619 52 
8
53 60 66 67 88 83 77 55 
8
53 60 66 68 152 147 141 56 
8
53 60 66 69 232 227 221 57 
8
53 60 66 70 376 371 365 58 
8
53 60 66 71 632 627 621 59 
8
53 61 77 79 161 148 141 56 
8
53 61 77 80 241 228 221 57 
8
53 61 77 81 385 372 365 58 
8
53 61 77 82 641 628 621 59 
8
53 62 141 144 293 229 221 57 
8
53 62 141 145 437 373 365 58 
8
53 62 141 146 693 629 621 59 
8
53 63 221 225 501 374 365 58 
8
53 63 221 226 757 630 621 59 
8
53 64 365 370 869 631 621 59 
8
54 67 78 79 162 153 142 56 
8
54 67 78 80 242 233 222 57 
8
54 67 78 81 386 377 366 58 
8
54 67 78 82 642 633 622 59 
8
54 68 142 144 294 234 222 57 
8
54 68 142 145 438 378 366 58 
8
54 68 142 146 694 634 622 59 
8
54 69 222 225 502 379 366 58 
8
54 69 222 226 758 635 622 59 
8
54 70 366 370 870 636 622 59 
8
55 79 143 144 295 243 223 57 
8
55 79 143 145 439 387 367 58 
8
55 79 143 146 695 643 623 59 
8
55 80 223 225 503 388 367 58 
8
55 80 223 226 759 644 623 59 
8
55 81 367 370 871 645 623 59 
8
56 144 224 225 504 440 368 58 
8
56 144 224 226 760 696 624 59 
8
56 145 368 370 872 697 624 59 
8
57 225 369 370 873 761 625 59 
8
60 72 83 84 166 157 147 62 
8
60 72 83 85 246 237 227 63 
8
60 72 83 86 390 381 371 64 
8
60 72 83 87 646 637 627 65 
8
60 73 147 149 298 238 227 63 
8
60 73 147 150 442 382 371 64 
8
60 73 147 151 698 638 627 65 
8
60 74 227 230 506 383 371 64 
8
60 74 227 231 762 639 627 65 
8
60 75 371 375 874 640 627 65 
8
61 84 148 149 299 247 228 63 
8
61 84 148 150 443 391 372 64 
8
61 84 148 151 699 647 628 65 
8
61 85 228 230 507 392 372 64 
8
61 85 228 231 763 648 628 65 
8
61 86 372 375 875 649 628 65 
8
62 149 229 230 508 444 373 64 
8
62 149 229 231 764 700 629 65 
8
62 150 373 375 876 701 629 65 
8
63 230 374 375 877 765 630 65 
8
66 72 88 89 170 157 152 68 
8
66 72 88 90 250 237 232 69 
8
66 72 88 91 394 381 376 70 
8
66 72 88 92 650 637 632 71 
8
66 73 152 154 302 238 232 69 
8
66 73 152 155 446 382 376 70 
8
66 73 152 156 702 638 632 71 
8
66 74 232 235 510 383 376 70 
8
66 74 232 236 766 639 632 71 
8
66 75 376 380 878 640 632 71 
8
67 89 153 154 303 251 233 69 
8
67 89 153 155 447 395 377 70 
8
67 89 153 156 703 651 633 71 
8
67 90 233 235 511 396 377 70 
8
67 90 233 236 767 652 633 71 
8
67 91 377 380 879 653 633 71 
8
68 154 234 235 512 448 378 70 
8
68 154 234 236 768 704 634 71 
8
68 155 378 380 880 705 634 71 
8
69 235 379 380 881 769 635 71 
8
72 93 157 158 306 254 237 74 
8
72 93 157 159 450 398 381 75 
8
72 93 157 160 706 654 637 76 
8
72 94 237 239 514 399 381 75 
8
72 94 237 240 770 655 637 76 
8
72 95 381 384 882 656 637 76 
8
73 158 238 239 515 451 382 75 
8
73 158 238 240 771 707 638 76 
8
73 159 382 384 883 708 638 76 
8
74 239 383 384 884 772 639 76 
8
77 83 88 89 170 166 161 79 
8
77 83 88 90 250 246 241 80 
8
77 83 88 91 394 390 385 81 
8
77 83 88 92 650 646 641 82 
8
77 84 161 163 309 247 241 80 
8
77 84 161 164 453 391 385 81 
8
77 84 161 165 709 647 641 82 
8
77 85 241 244 517 392 385 81 
8
77 85 241 245 773 648 641 82 
8
77 86 385 389 885 649 641 82 
8
78 89 162 163 310 251 242 80 
8
78 89 162 164 454 395 386 81 
8
78 89 162 165 710 651 642 82 
8
78 90 242 244 518 396 386 81 
8
78 90 242 245 774 652 642 82 
8
78 91 386 389 886 653 642 82 
8
79 163 243 244 519 455 387 81 
8
79 163 243 245 775 711 643 82 
8
79 164 387 389 887 712 643 82 
8
80 244 388 389 888 776 644 82 
8
83 93 166 167 313 254 246 85 
8
83 93 166 168 457 398 390 86 
8
83 93 166 169 713 654 646 87 
8
83 94 246 248 521 399 390 86 
8
83 94 246 249 777 655 646 87 
8
83 95 390 393 889 656 646 87 
8
84 167 247 248 522 458 391 86 
8
84 167 247 249 778 714 647 87 
8
84 168 391 393 890 715 647 87 
8
85 248 392 393 891 779 648 87 
8
88 93 170 171 316 254 250 90 
8
88 93 170 172 460 398 394 91 
8
88 93 170 173 716 654 650 92 
8
88 94 250 252 524 399 394 91 
8
88 94 250 253 780 655 650 92 
8
88 95 394 397 892 656 650 92 
8
89 171 251 252 525 461 395 91 
8
89 171 251 253 781 717 651 92 
8
89 172 395 397 893 718 651 92 
8
90 252 396 397 894 782 652 92 
8
93 174 254 255 527 463 398 95 
8
93 174 254 256 783 719 654 96 
8
93 175 398 400 895 720 654 96 
8
94 255 399 400 896 784 655 96 
8
97 104 110 111 132 127 121 99 
8
97 104 110 112 152 147 141 100 
8
97 104 110 113 268 263 257 101 
8
97 104 110 114 412 407 401 102 
8
97 104 110 115 668 663 657 103 
8
97 105 121 123 161 148 141 100 
8
97 105 121 124 277 264 257 101 
8
97 105 121 125 421 408 401 102 
8
97 105 121 126 677 664 657 103 
8
97 106 141 144 293 265 257 101 
8
97 106 141 145 437 409 401 102 
8
97 106 141 146 693 665 657 103 
8
97 107 257 261 529 410 401 102 
8
97 107 257 262 785 666 657 103 
8
97 108 401 406 897 667 657 103 
8
98 111 122 123 162 153 142 100 
8
98 111 122 124 278 269 258 101 
8
98 111 122 125 422 413 402 102 
8
98 111 122 126 678 669 658 103 
8
98 112 142 144 294 270 258 101 
8
98 112 142 145 438 414 402 102 
8
98 112 142 146 694 670 658 103 
8
98 113 258 261 530 415 402 102 
8
98 113 258 262 786 671 658 103 
8
98 114 402 406 898 672 658 103 
8
99 123 143 144 295 279 259 101 
8
99 123 143 145 439 423 403 102 
8
99 123 143 146 695 679 659 103 
8
99 124 259 261 531 424 403 102 
8
99 124 259 262 787 680 659 103 
8
99 125 403 406 899 681 659 103 
8
100 144 260 261 532 440 404 102 
8
100 144 260 262 788 696 660 103 
8
100 145 404 406 900 697 660 103 
8
101 261 405 406 901 789 661 103 
8
104 116 127 128 166 157 147 106 
8
104 116 127 129 282 273 263 107 
8
104 116 127 130 426 417 407 108 
8
104 116 127 131 682 673 663 109 
8
104 117 147 149 298 274 263 107 
8
104 117 147 150 442 418 407 108 
8
104 117 147 151 698 674 663 109 
8
104 118 263 266 534 419 407 108 
8
104 118 263 267 790 675 663 109 
8
104 119 407 411 902 676 663 109 
8
105 128 148 149 299 283 264 107 
8
105 128 148 150 443 427 408 108 
8
105 128 148 151 699 683 664 109 
8
105 129 264 266 535 428 408 108 
8
105 129 264 267 791 684 664 109 
8
105 130 408 411 903 685 664 109 
8
106 149 265 266 536 444 409 108 
8
106 149 265 267 792 700 665 109 
8
106 150 409 411 904 701 665 109 
8
107 266 410 411 905 793 666 109 
8
110 116 132 133 170 157 152 112 
8
110 116 132 134 286 273 268 113 
8
110 116 132 135 430 417 412 114 
8
110 116 132 136 686 673 668 115 
8
110 117 152 154 302 274 268 113 
8
110 117 152 155 446 418 412 114 
8
110 117 152 156 702 674 668 115 
8
110 118 268 271 538 419 412 114 
8
110 118 268 272 794 675 668 115 
8
110 119 412 416 906 676 668 115 
8
111 133 153 154 303 287 269 113 
8
111 133 153 155 447 431 413 114 
8
111 133 153 156 703 687 669 115 
8
111 134 269 271 539 432 413 114 
8
111 134 269 272 795 688 669 115 
8
111 135 413 416 907 689 669 115 
8
112 154 270 271 540 448 414 114 
8
112 154 270 272 796 704 670 115 
8
112 155 414 416 908 705 670 115 
8
113 271 415 416 909 797 671 115 
8
116 137 157 158 306 290 273 118 
8
116 137 157 159 450 434 417 119 
8
116 137 157 160 706 690 673 120 
8
116 138 273 275 542 435 417 119 
8
116 138 273 276 798 691 673 120 
8
116 139 417 420 910 692 673 120 
8
117 158 274 275 543 451 418 119 
8
117 158 274 276 799 707 674 120 
8
117 159 418 420 911 708 674 120 
8
118 275 419 420 912 800 675 120 
8
121 127 132 133 170 166 161 123 
8
121 127 132 134 286 282 277 124 
8
121 127 132 135 430 426 421 125 
8
121 127 132 136 686 682 677 126 
8
121 128 161 163 309 283 277 124 
8
121 128 161 164 453 427 421 125 
8
121 128 161 165 709 683 677 126 
8
121 129 277 280 545 428 421 125 
8
121 129 277 281 801 684 677 126 
8
121 130 421 425 913 685 677 126 
8
122 133 162 163 310 287 278 124 
8
122 133 162 164 454 431 422 125 
8
122 133 162 165 710 687 678 126 
8
122 134 278 280 546 432 422 125 
8
122 134 278 281 802 688 678 126 
8
122 135 422 425 914 689 678 126 
8
123 163 279 280 547 455 423 125 
8
123 163 279 281 803 711 679 126 
8
123 164 423 425 915 712 679 126 
8
124 280 424 425 916 804 680 126 
8
127 137 166 167 313 290 282 129 
8
127 137 166 168 457 434 426 130 
8
127 137 166 169 713 690 682 131 
8
127 138 282 284 549 435 426 130 
8
127 138 282 285 805 691 682 131 
8
127 139 426 429 917 692 682 131 
8
128 167 283 284 550 458 427 130 
8
128 167 283 285 806 714 683 131 
8
128 168 427 429 918 715 683 131 
8
129 284 428 429 919 807 684 131 
8
132 137 170 171 316 290 286 134 
8
132 137 170 172 460 434 430 135 
8
132 137 170 173 716 690 686 136 
8
132 138 286 288 552 435 430 135 
8
132 138 286 289 808 691 686 136 
8
132 139 430 433 920 692 686 136 
8
133 171 287 288 553 461 431 135 
8
133 171 287 289 809 717 687 136 
8
133 172 431 433 921 718 687 136 
8
134 288 432 433 922 810 688 136 
8
137 174 290 291 555 463 434 139 
8
137 174 290 292 811 719 690 140 
8
137 175 434 436 923 720 690 140 
8
138 291 435 436 924 812 691 140 
8
141 147 152 153 170 166 161 143 
8
141 147 152 154 302 298 293 144 
8
141 147 152 155 446 442 437 145 
8
141 147 152 156 702 698 693 146 
8
141 148 161 163 309 299 293 144 
8
141 148 161 164 453 443 437 145 
8
141 148 161 165 709 699 693 146 
8
141 149 293 296 557 444 437 145 
8
141 149 293 297 813 700 693 146 
8
141 150 437 441 925 701 693 146 
8
142 153 162 163 310 303 294 144 
8
142 153 162 164 454 447 438 145 
8
142 153 162 165 710 703 694 146 
8
142 154 294 296 558 448 438 145 
8
142 154 294 297 814 704 694 146 
8
142 155 438 441 926 705 694 146 
8
143 163 295 296 559 455 439 145 
8
143 163 295 297 815 711 695 146 
8
143 164 439 441 927 712 695 146 
8
144 296 440 441 928 816 696 146 
8
147 157 166 167 313 306 298 149 
8
147 157 166 168 457 450 442 150 
8
147 157 166 169 713 706 698 151 
8
147 158 298 300 561 451 442 150 
8
147 158 298 301 817 707 698 151 
8
147 159 442 445 929 708 698 151 
8
148 167 299 300 562 458 443 150 
8
148 167 299 301 818 714 699 151 
8
148 168 443 445 930 715 699 151 
8
149 300 444 445 931 819 700 151 
8
152 157 170 171 316 306 302 154 
8
152 157 170 172 460 450 446 155 
8
152 157 170 173 716 706 702 156 
8
152 158 302 304 564 451 446 155 
8
152 158 302 305 820 707 702 156 
8
152 159 446 449 932 708 702 156 
8
153 171 303 304 565 461 447 155 
8
153 171 303 305 821 717 703 156 
8
153 172 447 449 933 718 703 156 
8
154 304 448 449 934 822 704 156 
8
157 174 306 307 567 463 450 159 
8
157 174 306 308 823 719 706 160 
8
157 175 450 452 935 720 706 160 
8
158 307 451 452 936 824 707 160 
8
161 166 170 171 316 313 309 163 
8
161 166 170 172 460 457 453 164 
8
161 166 170 173 716 713 709 165 
8
161 167 309 311 569 458 453 164 
8
161 167 309 312 825 714 709 165 
8
161 168 453 456 937 715 709 165 
8
162 171 310 311 570 461 454 164 
8
162 171 310 312 826 717 710 165 
8
162 172 454 456 938 718 710 165 
8
163 311 455 456 939 827 711 165 
8
166 174 313 314 572 463 457 168 
8
166 174 313 315 828 719 713 169 
8
166 175 457 459 940 720 713 169 
8
167 314 458 459 941 829 714 169 
8
170 174 316 317 574 463 460 172 
8
170 174 316 318 830 719 716 173 
8
170 175 460 462 942 720 716 173 
8
171 317 461 462 943 831 717 173 
8
174 319 463 464 944 832 719 176 
8
177 184 190 191 212 207 201 179 
8
177 184 190 192 232 227 221 180 
8
177 184 190 193 268 263 257 181 
8
177 184 190 194 476 471 465 182 
8
177 184 190 195 732 727 721 183 
8
177 185 201 203 241 228 221 180 
8
177 185 201 204 277 264 257 181 
8
177 185 201 205 485 472 465 182 
8
177 185 201 206 741 728 721 183 
8
177 186 221 224 293 265 257 181 
8
177 186 221 225 501 473 465 182 
8
177 186 221 226 757 729 721 183 
8
177 187 257 261 529 474 465 182 
8
177 187 257 262 785 730 721 183 
8
177 188 465 470 945 731 721 183 
8
178 191 202 203 242 233 222 180 
8
178 191 202 204 278 269 258 181 
8
178 191 202 205 486 477 466 182 
8
178 191 202 206 742 733 722 183 
8
178 192 222 224 294 270 258 181 
8
178 192 222 225 502 478 466 182 
8
178 192 222 226 758 734 722 183 
8
178 193 258 261 530 479 466 182 
8
178 193 258 262 786 735 722 183 
8
178 194 466 470 946 736 722 183 
8
179 203 223 224 295 279 259 181 
8
179 203 223 225 503 487 467 182 
8
179 203 223 226 759 743 723 183 
8
179 204 259 261 531 488 467 182 
8
179 204 259 262 787 744 723 183 
8
179 205 467 470 947 745 723 183 
8
180 224 260 261 532 504 468 182 
8
180 224 260 262 788 760 724 183 
8
180 225 468 470 948 761 724 183 
8
181 261 469 470 949 789 725 183 
8
184 196 207 208 246 237 227 186 
8
184 196 207 209 282 273 263 187 
8
184 196 207 210 490 481 471 188 
8
184 196 207 211 746 737 727 189 
8
184 197 227 229 298 274 263 187 
8
184 197 227 230 506 482 471 188 
8
184 197 227 231 762 738 727 189 
8
184 198 263 266 534 483 471 188 
8
184 198 263 267 790 739 727 189 
8
184 199 471 475 950 740 727 189 
8
185 208 228 229 299 283 264 187 
8
185 208 228 230 507 491 472 188 
8
185 208 228 231 763 747 728 189 
8
185 209 264 266 535 492 472 188 
8
185 209 264 267 791 748 728 189 
8
185 210 472 475 951 749 728 189 
8
186 229 265 266 536 508 473 188 
8
186 229 265 267 792 764 729 189 
8
186 230 473 475 952 765 729 189 
8
187 266 474 475 953 793 730 189 
8
190 196 212 213 250 237 232 192 
8
190 196 212 214 286 273 268 193 
8
190 196 212 215 494 481 476 194 
8
190 196 212 216 750 737 732 195 
8
190 197 232 234 302 274 268 193 
8
190 197 232 235 510 482 476 194 
8
190 197 232 236 766 738 732 195 
8
190 198 268 271 538 483 476 194 
8
190 198 268 272 794 739 732 195 
8
190 199 476 480 954 740 732 195 
8
191 213 233 234 303 287 269 193 
8
191 213 233 235 511 495 477 194 
8
191 213 233 236 767 751 733 195 
8
191 214 269 271 539 496 477 194 
8
191 214 269 272 795 752 733 195 
8
191 215 477 480 955 753 733 195 
8
192 234 270 271 540 512 478 194 
8
192 234 270 272 796 768 734 195 
8
192 235 478 480 956 769 734 195 
8
193 271 479 480 957 797 735 195 
8
196 217 237 238 306 290 273 198 
8
196 217 237 239 514 498 481 199 
8
196 217 237 240 770 754 737 200 
8
196 218 273 275 542 499 481 199 
8
196 218 273 276 798 755 737 200 
8
196 219 481 484 958 756 737 200 
8
197 238 274 275 543 515 482 199 
8
197 238 274 276 799 771 738 200 
8
197 239 482 484 959 772 738 200 
8
198 275 483 484 960 800 739 200 
8
201 207 212 213 250 246 241 203 
8
201 207 212 214 286 282 277 204 
8
201 207 212 215 494 490 485 205 
8
201 207 212 216 750 746 741 206 
8
201 208 241 243 309 283 277 204 
8
201 208 241 244 517 491 485 205 
8
201 208 241 245 773 747 741 206 
8
201 209 277 280 545 492 485 205 
8
201 209 277 281 801 748 741 206 
8
201 210 485 489 961 749 741 206 
8
202 213 242 243 310 287 278 204 
8
202 213 242 244 518 495 486 205 
8
202 213 242 245 774 751 742 206 
8
202 214 278 280 546 496 486 205 
8
202 214 278 281 802 752 742 206 
8
202 215 486 489 962 753 742 206 
8
203 243 279 280 547 519 487 205 
8
203 243 279 281 803 775 743 206 
8
203 244 487 489 963 776 743 206 
8
204 280 488 489 964 804 744 206 
8
207 217 246 247 313 290 282 209 
8
207 217 246 248 521 498 490 210 
8
207 217 246 249 777 754 746 211 
8
207 218 282 284 549 499 490 210 
8
207 218 282 285 805 755 746 211 
8
207 219 490 493 965 756 746 211 
8
208 247 283 284 550 522 491 210 
8
208 247 283 285 806 778 747 211 
8
208 248 491 493 966 779 747 211 
8
209 284 492 493 967 807 748 211 
8
212 217 250 251 316 290 286 214 
8
212 217 250 252 524 498 494 215 
8
212 217 250 253 780 754 750 216 
8
212 218 286 288 552 499 494 215 
8
212 218 286 289 808 755 750 216 
8
212 219 494 497 968 756 750 216 
8
213 251 287 288 553 525 495 215 
8
213 251 287 289 809 781 751 216 
8
213 252 495 497 969 782 751 216 
8
214 288 496 497 970 810 752 216 
8
217 254 290 291 555 527 498 219 
8
217 254 290 292 811 783 754 220 
8
217 255 498 500 971 784 754 220 
8
218 291 499 500 972 812 755 220 
8
221 227 232 233 250 246 241 223 
8
221 227 232 234 302 298 293 224 
8
221 227 232 235 510 506 501 225 
8
221 227 232 236 766 762 757 226 
8
221 228 241 243 309 299 293 224 
8
221 228 241 244 517 507 501 225 
8
221 228 241 245 773 763 757 226 
8
221 229 293 296 557 508 501 225 
8
221 229 293 297 813 764 757 226 
8
221 230 501 505 973 765 757 226 
8
222 233 242 243 310 303 294 224 
8
222 233 242 244 518 511 502 225 
8
222 233 242 245 774 767 758 226 
8
222 234 294 296 558 512 502 225 
8
222 234 294 297 814 768 758 226 
8
222 235 502 505 974 769 758 226 
8
223 243 295 296 559 519 503 225 
8
223 243 295 297 815 775 759 226 
8
223 244 503 505 975 776 759 226 
8
224 296 504 505 976 816 760 226 
8
227 237 246 247 313 306 298 229 
8
227 237 246 248 521 514 506 230 
8
227 237 246 249 777 770 762 231 
8
227 238 298 300 561 515 506 230 
8
227 238 298 301 817 771 762 231 
8
227 239 506 509 977 772 762 231 
8
228 247 299 300 562 522 507 230 
8
228 247 299 301 818 778 763 231 
8
228 248 507 509 978 779 763 231 
8
229 300 508 509 979 819 764 231 
8
232 237 250 251 316 306 302 234 
8
232 237 250 252 524 514 510 235 
8
232 237 250 253 780 770 766 236 
8
232 238 302 304 564 515 510 235 
8
232 238 302 305 820 771 766 236 
8
232 239 510 513 980 772 766 236 
8
233 251 303 304 565 525 511 235 
8
233 251 303 305 821 781 767 236 
8
233 252 511 513 981 782 767 236 
8
234 304 512 513 982 822 768 236 
8
237 254 306 307 567 527 514 239 
8
237 254 306 308 823 783 770 240 
8
237 255 514 516 983 784 770 240 
8
238 307 515 516 984 824 771 240 
8
241 246 250 251 316 313 309 243 
8
241 246 250 252 524 521 517 244 
8
241 246 250 253 780 777 773 245 
8
241 247 309 311 569 522 517 244 
8
241 247 309 312 825 778 773 245 
8
241 248 517 520 985 779 773 245 
8
242 251 310 311 570 525 518 244 
8
242 251 310 312 826 781 774 245 
8
242 252 518 520 986 782 774 245 
8
243 311 519 520 987 827 775 245 
8
246 254 313 314 572 527 521 248 
8
246 254 313 315 828 783 777 249 
8
246 255 521 523 988 784 777 249 
8
247 314 522 523 989 829 778 249 
8
250 254 316 317 574 527 524 252 
8
250 254 316 318 830 783 780 253 
8
250 255 524 526 990 784 780 253 
8
251 317 525 526 991 831 781 253 
8
254 319 527 528 992 832 783 256 
8
257 263 268 269 286 282 277 259 
8
257 263 268 270 302 298 293 260 
8
257 263 268 271 538 534 529 261 
8
257 263 268 272 794 790 785 262 
8
257 264 277 279 309 299 293 260 
8
257 264 277 280 545 535 529 261 
8
257 264 277 281 801 791 785 262 
8
257 265 293 296 557 536 529 261 
8
257 265 293 297 813 792 785 262 
8
257 266 529 533 993 793 785 262 
8
258 269 278 279 310 303 294 260 
8
258 269 278 280 546 539 530 261 
8
258 269 278 281 802 795 786 262 
8
258 270 294 296 558 540 530 261 
8
258 270 294 297 814 796 786 262 
8
258 271 530 533 994 797 786 262 
8
259 279 295 296 559 547 531 261 
8
259 279 295 297 815 803 787 262 
8
259 280 531 533 995 804 787 262 
8
260 296 532 533 996 816 788 262 
8
263 273 282 283 313 306 298 265 
8
263 273 282 284 549 542 534 266 
8
263 273 282 285 805 798 790 267 
8
263 274 298 300 561 543 534 266 
8
263 274 298 301 817 799 790 267 
8
263 275 534 537 997 800 790 267 
8
264 283 299 300 562 550 535 266 
8
264 283 299 301 818 806 791 267 
8
264 284 535 537 998 807 791 267 
8
265 300 536 537 999 819 792 267 
8
268 273 286 287 316 306 302 270 
8
268 273 286 288 552 542 538 271 
8
268 273 286 289 808 798 794 272 
8
268 274 302 304 564 543 538 271 
8
268 274 302 305 820 799 794 272 
8
268 275 538 541 1000 800 794 272 
8
269 287 303 304 565 553 539 271 
8
269 287 303 305 821 809 795 272 
8
269 288 539 541 1001 810 795 272 
8
270 304 540 541 1002 822 796 272 
8
273 290 306 307 567 555 542 275 
8
273 290 306 308 823 811 798 276 
8
273 291 542 544 1003 812 798 276 
8
274 307 543 544 1004 824 799 276 
8
277 282 286 287 316 313 309 279 
8
277 282 286 288 552 549 545 280 
8
277 282 286 289 808 805 801 281 
8
277 283 309 311 569 550 545 280 
8
277 283 309 312 825 806 801 281 
8
277 284 545 548 1005 807 801 281 
8
278 287 310 311 570 553 546 280 
8
278 287 310 312 826 809 802 281 
8
278 288 546 548 1006 810 802 281 
8
279 311 547 548 1007 827 803 281 
8
282 290 313 314 572 555 549 284 
8
282 290 313 315 828 811 805 285 
8
282 291 549 551 1008 812 805 285 
8
283 314 550 551 1009 829 806 285 
8
286 290 316 317 574 555 552 288 
8
286 290 316 318 830 811 808 289 
8
286 291 552 554 1010 812 808 289 
8
287 317 553 554 1011 831 809 289 
8
290 319 555 556 1012 832 811 292 
8
293 298 302 303 316 313 309 295 
8
293 298 302 304 564 561 557 296 
8
293 298 302 305 820 817 813 297 
8
293 299 309 311 569 562 557 296 
8
293 299 309 312 825 818 813 297 
8
293 300 557 560 1013 819 813 297 
8
294 303 310 311 570 565 558 296 
8
294 303 310 312 826 821 814 297 
8
294 304 558 560 1014 822 814 297 
8
295 311 559 560 1015 827 815 297 
8
298 306 313 314 572 567 561 300 
8
298 306 313 315 828 823 817 301 
8
298 307 561 563 1016 824 817 301 
8
299 314 562 563 1017 829 818 301 
8
302 306 316 317 574 567 564 304 
8
302 306 316 318 830 823 820 305 
8
302 307 564 566 1018 824 820 305 
8
303 317 565 566 1019 831 821 305 
8
306 319 567 568 1020 832 823 308 
8
309 313 316 317 574 572 569 311 
8
309 313 316 318 830 828 825 312 
8
309 314 569 571 1021 829 825 312 
8
310 317 570 571 1022 831 826 312 
8
313 319 572 573 1023 832 828 315 
8
316 319 574 575 1024 832 830 318 
8
321 328 334 335 356 351 345 323 
8
321 328 334 336 376 371 365 324 
8
321 328 334 337 412 407 401 325 
8
321 328 334 338 476 471 465 326 
8
321 328 334 339 844 839 833 327 
8
321 329 345 347 385 372 365 324 
8
321 329 345 348 421 408 401 325 
8
321 329 345 349 485 472 465 326 
8
321 329 345 350 853 840 833 327 
8
321 330 365 368 437 409 401 325 
8
321 330 365 369 501 473 465 326 
8
321 330 365 370 869 841 833 327 
8
321 331 401 405 529 474 465 326 
8
321 331 401 406 897 842 833 327 
8
321 332 465 470 945 843 833 327 
8
322 335 346 347 386 377 366 324 
8
322 335 346 348 422 413 402 325 
8
322 335 346 349 486 477 466 326 
8
322 335 346 350 854 845 834 327 
8
322 336 366 368 438 414 402 325 
8
322 336 366 369 502 478 466 326 
8
322 336 366 370 870 846 834 327 
8
322 337 402 405 530 479 466 326 
8
322 337 402 406 898 847 834 327 
8
322 338 466 470 946 848 834 327 
8
323 347 367 368 439 423 403 325 
8
323 347 367 369 503 487 467 326 
8
323 347 367 370 871 855 835 327 
8
323 348 403 405 531 488 467 326 
8
323 348 403 406 899 856 835 327 
8
323 349 467 470 947 857 835 327 
8
324 368 404 405 532 504 468 326 
8
324 368 404 406 900 872 836 327 
8
324 369 468 470 948 873 836 327 
8
325 405 469 470 949 901 837 327 
8
328 340 351 352 390 381 371 330 
8
328 340 351 353 426 417 407 331 
8
328 340 351 354 490 481 471 332 
8
328 340 351 355 858 849 839 333 
8
328 341 371 373 442 418 407 331 
8
328 341 371 374 506 482 471 332 
8
328 341 371 375 874 850 839 333 
8
328 342 407 410 534 483 471 332 
8
328 342 407 411 902 851 839 333 
8
328 343 471 475 950 852 839 333 
8
329 352 372 373 443 427 408 331 
8
329 352 372 374 507 491 472 332 
8
329 352 372 375 875 859 840 333 
8
329 353 408 410 535 492 472 332 
8
329 353 408 411 903 860 840 333 
8
329 354 472 475 951 861 840 333 
8
330 373 409 410 536 508 473 332 
8
330 373 409 411 904 876 841 333 
8
330 374 473 475 952 877 841 333 
8
331 410 474 475 953 905 842 333 
8
334 340 356 357 394 381 376 336 
8
334 340 356 358 430 417 412 337 
8
334 340 356 359 494 481 476 338 
8
334 340 356 360 862 849 844 339 
8
334 341 376 378 446 418 412 337 
8
334 341 376 379 510 482 476 338 
8
334 341 376 380 878 850 844 339 
8
334 342 412 415 538 483 476 338 
8
334 342 412 416 906 851 844 339 
8
334 343 476 480 954 852 844 339 
8
335 357 377 378 447 431 413 337 
8
335 357 377 379 511 495 477 338 
8
335 357 377 380 879 863 845 339 
8
335 358 413 415 539 496 477 338 
8
335 358 413 416 907 864 845 339 
8
335 359 477 480 955 865 845 339 
8
336 378 414 415 540 512 478 338 
8
336 378 414 416 908 880 846 339 
8
336 379 478 480 956 881 846 339 
8
337 415 479 480 957 909 847 339 
8
340 361 381 382 450 434 417 342 
8
340 361 381 383 514 498 481 343 
8
340 361 381 384 882 866 849 344 
8
340 362 417 419 542 499 481 343 
8
340 362 417 420 910 867 849 344 
8
340 363 481 484 958 868 849 344 
8
341 382 418 419 543 515 482 343 
8
341 382 418 420 911 883 850 344 
8
341 383 482 484 959 884 850 344 
8
342 419 483 484 960 912 851 344 
8
345 351 356 357 394 390 385 347 
8
345 351 356 358 430 426 421 348 
8
345 351 356 359 494 490 485 349 
8
345 351 356 360 862 858 853 350 
8
345 352 385 387 453 427 421 348 
8
345 352 385 388 517 491 485 349 
8
345 352 385 389 885 859 853 350 
8
345 353 421 424 545 492 485 349 
8
345 353 421 425 913 860 853 350 
8
345 354 485 489 961 861 853 350 
8
346 357 386 387 454 431 422 348 
8
346 357 386 388 518 495 486 349 
8
346 357 386 389 886 863 854 350 
8
346 358 422 424 546 496 486 349 
8
346 358 422 425 914 864 854 350 
8
346 359 486 489 962 865 854 350 
8
347 387 423 424 547 519 487 349 
8
347 387 423 425 915 887 855 350 
8
347 388 487 489 963 888 855 350 
8
348 424 488 489 964 916 856 350 
8
351 361 390 391 457 434 426 353 
8
351 361 390 392 521 498 490 354 
8
351 361 390 393 889 866 858 355 
8
351 362 426 428 549 499 490 354 
8
351 362 426 429 917 867 858 355 
8
351 363 490 493 965 868 858 355 
8
352 391 427 428 550 522 491 354 
8
352 391 427 429 918 890 859 355 
8
352 392 491 493 966 891 859 355 
8
353 428 492 493 967 919 860 355 
8
356 361 394 395 460 434 430 358 
8
356 361 394 396 524 498 494 359 
8
356 361 394 397 892 866 862 360 
8
356 362 430 432 552 499 494 359 
8
356 362 430 433 920 867 862 360 
8
356 363 494 497 968 868 862 360 
8
357 395 431 432 553 525 495 359 
8
357 395 431 433 921 893 863 360 
8
357 396 495 497 969 894 863 360 
8
358 432 496 497 970 922 864 360 
8
361 398 434 435 555 527 498 363 
8
361 398 434 436 923 895 866 364 
8
361 399 498 500 971 896 866 364 
8
362 435 499 500 972 924 867 364 
8
365 371 376 377 394 390 385 367 
8
365 371 376 378 446 442 437 368 
8
365 371 376 379 510 506 501 369 
8
365 371 376 380 878 874 869 370 
8
365 372 385 387 453 443 437 368 
8
365 372 385 388 517 507 501 369 
8
365 372 385 389 885 875 869 370 
8
365 373 437 440 557 508 501 369 
8
365 373 437 441 925 876 869 370 
8
365 374 501 505 973 877 869 370 
8
366 377 386 387 454 447 438 368 
8
366 377 386 388 518 511 502 369 
8
366 377 386 389 886 879 870 370 
8
366 378 438 440 558 512 502 369 
8
366 378 438 441 926 880 870 370 
8
366 379 502 505 974 881 870 370 
8
367 387 439 440 559 519 503 369 
8
367 387 439 441 927 887 871 370 
8
367 388 503 505 975 888 871 370 
8
368 440 504 505 976 928 872 370 
8
371 381 390 391 457 450 442 373 
8
371 381 390 392 521 514 506 374 
8
371 381 390 393 889 882 874 375 
8
371 382 442 444 561 515 506 374 
8
371 382 442 445 929 883 874 375 
8
371 383 506 509 977 884 874 375 
8
372 391 443 444 562 522 507 374 
8
372 391 443 445 930 890 875 375 
8
372 392 507 509 978 891 875 375 
8
373 444 508 509 979 931 876 375 
8
376 381 394 395 460 450 446 378 
8
376 381 394 396 524 514 510 379 
8
376 381 394 397 892 882 878 380 
8
376 382 446 448 564 515 510 379 
8
376 382 446 449 932 883 878 380 
8
376 383 510 513 980 884 878 380 
8
377 395 447 448 565 525 511 379 
8
377 395 447 449 933 893 879 380 
8
377 396 511 513 981 894 879 380 
8
378 448 512 513 982 934 880 380 
8
381 398 450 451 567 527 514 383 
8
381 398 450 452 935 895 882 384 
8
381 399 514 516 983 896 882 384 
8
382 451 515 516 984 936 883 384 
8
385 390 394 395 460 457 453 387 
8
385 390 394 396 524 521 517 388 
8
385 390 394 397 892 889 885 389 
8
385 391 453 455 569 522 517 388 
8
385 391 453 456 937 890 885 389 
8
385 392 517 520 985 891 885 389 
8
386 395 454 455 570 525 518 388 
8
386 395 454 456 938 893 886 389 
8
386 396 518 520 986 894 886 389 
8
387 455 519 520 987 939 887 389 
8
390 398 457 458 572 527 521 392 
8
390 398 457 459 940 895 889 393 
8
390 399 521 523 988 896 889 393 
8
391 458 522 523 989 941 890 393 
8
394 398 460 461 574 527 524 396 
8
394 398 460 462 942 895 892 397 
8
394 399 524 526 990 896 892 397 
8
395 461 525 526 991 943 893 397 
8
398 463 527 528 992 944 895 400 
8
401 407 412 413 430 426 421 403 
8
401 407 412 414 446 442 437 404 
8
401 407 412 415 538 534 529 405 
8
401 407 412 416 906 902 897 406 
8
401 408 421 423 453 443 437 404 
8
401 408 421 424 545 535 529 405 
8
401 408 421 425 913 903 897 406 
8
401 409 437 440 557 536 529 405 
8
401 409 437 441 925 904 897 406 
8
401 410 529 533 993 905 897 406 
8
402 413 422 423 454 447 438 404 
8
402 413 422 424 546 539 530 405 
8
402 413 422 425 914 907 898 406 
8
402 414 438 440 558 540 530 405 
8
402 414 438 441 926 908 898 406 
8
402 415 530 533 994 909 898 406 
8
403 423 439 440 559 547 531 405 
8
403 423 439 441 927 915 899 406 
8
403 424 531 533 995 916 899 406 
8
404 440 532 533 996 928 900 406 
8
407 417 426 427 457 450 442 409 
8
407 417 426 428 549 542 534 410 
8
407 417 426 429 917 910 902 411 
8
407 418 442 444 561 543 534 410 
8
407 418 442 445 929 911 902 411 
8
407 419 534 537 997 912 902 411 
8
408 427 443 444 562 550 535 410 
8
408 427 443 445 930 918 903 411 
8
408 428 535 537 998 919 903 411 
8
409 444 536 537 999 931 904 411 
8
412 417 430 431 460 450 446 414 
8
412 417 430 432 552 542 538 415 
8
412 417 430 433 920 910 906 416 
8
412 418 446 448 564 543 538 415 
8
412 418 446 449 932 911 906 416 
8
412 419 538 541 1000 912 906 416 
8
413 431 447 448 565 553 539 415 
8
413 431 447 449 933 921 907 416 
8
413 432 539 541 1001 922 907 416 
8
414 448 540 541 1002 934 908 416 
8
417 434 450 451 567 555 542 419 
8
417 434 450 452 935 923 910 420 
8
417 435 542 544 1003 924 910 420 
8
418 451 543 544 1004 936 911 420 
8
421 426 430 431 460 457 453 423 
8
421 426 430 432 552 549 545 424 
8
421 426 430 433 920 917 913 425 
8
421 427 453 455 569 550 545 424 
8
421 427 453 456 937 918 913 425 
8
421 428 545 548 1005 919 913 425 
8
422 431 454 455 570 553 546 424 
8
422 431 454 456 938 921 914 425 
8
422 432 546 548 1006 922 914 425 
8
423 455 547 548 1007 939 915 425 
8
426 434 457 458 572 555 549 428 
8
426 434 457 459 940 923 917 429 
8
426 435 549 551 1008 924 917 429 
8
427 458 550 551 1009 941 918 429 
8
430 434 460 461 574 555 552 432 
8
430 434 460 462 942 923 920 433 
8
430 435 552 554 1010 924 920 433 
8
431 461 553 554 1011 943 921 433 
8
434 463 555 556 1012 944 923 436 
8
437 442 446 447 460 457 453 439 
8
437 442 446 448 564 561 557 440 
8
437 442 446 449 932 929 925 441 
8
437 443 453 455 569 562 557 440 
8
437 443 453 456 937 930 925 441 
8
437 444 557 560 1013 931 925 441 
8
438 447 454 455 570 565 558 440 
8
438 447 454 456 938 933 926 441 
8
438 448 558 560 1014 934 926 441 
8
439 455 559 560 1015 939 927 441 
8
442 450 457 458 572 567 561 444 
8
442 450 457 459 940 935 929 445 
8
442 451 561 563 1016 936 929 445 
8
443 458 562 563 1017 941 930 445 
8
446 450 460 461 574 567 564 448 
8
446 450 460 462 942 935 932 449 
8
446 451 564 566 1018 936 932 449 
8
447 461 565 566 1019 943 933 449 
8
450 463 567 568 1020 944 935 452 
8
453 457 460 461 574 572 569 455 
8
453 457 460 462 942 940 937 456 
8
453 458 569 571 1021 941 937 456 
8
454 461 570 571 1022 943 938 456 
8
457 463 572 573 1023 944 940 459 
8
460 463 574 575 1024 944 942 462 
8
465 471 476 477 494 490 485 467 
8
465 471 476 478 510 506 501 468 
8
465 471 476 479 538 534 529 469 
8
465 471 476 480 954 950 945 470 
8
465 472 485 487 517 507 501 468 
8
465 472 485 488 545 535 529 469 
8
465 472 485 489 961 951 945 470 
8
465 473 501 504 557 536 529 469 
8
465 473 501 505 973 952 945 470 
8
465 474 529 533 993 953 945 470 
8
466 477 486 487 518 511 502 468 
8
466 477 486 488 546 539 530 469 
8
466 477 486 489 962 955 946 470 
8
466 478 502 504 558 540 530 469 
8
466 478 502 505 974 956 946 470 
8
466 479 530 533 994 957 946 470 
8
467 487 503 504 559 547 531 469 
8
467 487 503 505 975 963 947 470 
8
467 488 531 533 995 964 947 470 
8
468 504 532 533 996 976 948 470 
8
471 481 490 491 521 514 506 473 
8
471 481 490 492 549 542 534 474 
8
471 481 490 493 965 958 950 475 
8
471 482 506 508 561 543 534 474 
8
471 482 506 509 977 959 950 475 
8
471 483 534 537 997 960 950 475 
8
472 491 507 508 562 550 535 474 
8
472 491 507 509 978 966 951 475 
8
472 492 535 537 998 967 951 475 
8
473 508 536 537 999 979 952 475 
8
476 481 494 495 524 514 510 478 
8
476 481 494 496 552 542 538 479 
8
476 481 494 497 968 958 954 480 
8
476 482 510 512 564 543 538 479 
8
476 482 510 513 980 959 954 480 
8
476 483 538 541 1000 960 954 480 
8
477 495 511 512 565 553 539 479 
8
477 495 511 513 981 969 955 480 
8
477 496 539 541 1001 970 955 480 
8
478 512 540 541 1002 982 956 480 
8
481 498 514 515 567 555 542 483 
8
481 498 514 516 983 971 958 484 
8
481 499 542 544 1003 972 958 484 
8
482 515 543 544 1004 984 959 484 
8
485 490 494 495 524 521 517 487 
8
485 490 494 496 552 549 545 488 
8
485 490 494 497 968 965 961 489 
8
485 491 517 519 569 550 545 488 
8
485 491 517 520 985 966 961 489 
8
485 492 545 548 1005 967 961 489 
8
486 495 518 519 570 553 546 488 
8
486 495 518 520 986 969 962 489 
8
486 496 546 548 1006 970 962 489 
8
487 519 547 548 1007 987 963 489 
8
490 498 521 522 572 555 549 492 
8
490 498 521 523 988 971 965 493 
8
490 499 549 551 1008 972 965 493 
8
491 522 550 551 1009 989 966 493 
8
494 498 524 525 574 555 552 496 
8
494 498 524 526 990 971 968 497 
8
494 499 552 554 1010 972 968 497 
8
495 525 553 554 1011 991 969 497 
8
498 527 555 556 1012 992 971 500 
8
501 506 510 511 524 521 517 503 
8
501 506 510 512 564 561 557 504 
8
501 506 510 513 980 977 973 505 
8
501 507 517 519 569 562 557 504 
8
501 507 517 520 985 978 973 505 
8
501 508 557 560 1013 979 973 505 
8
502 511 518 519 570 565 558 504 
8
502 511 518 520 986 981 974 505 
8
502 512 558 560 1014 982 974 505 
8
503 519 559 560 1015 987 975 505 
8
506 514 521 522 572 567 561 508 
8
506 514 521 523 988 983 977 509 
8
506 515 561 563 1016 984 977 509 
8
507 522 562 563 1017 989 978 509 
8
510 514 524 525 574 567 564 512 
8
510 514 524 526 990 983 980 513 
8
510 515 564 566 1018 984 980 513 
8
511 525 565 566 1019 991 981 513 
8
514 527 567 568 1020 992 983 516 
8
517 521 524 525 574 572 569 519 
8
517 521 524 526 990 988 985 520 
8
517 522 569 571 1021 989 985 520 
8
518 525 570 571 1022 991 986 520 
8
521 527 572 573 1023 992 988 523 
8
524 527 574 575 1024 992 990 526 
8
529 534 538 539 552 549 545 531 
8
529 534 538 540 564 561 557 532 
8
529 534 538 541 1000 997 993 533 
8
529 535 545 547 569 562 557 532 
8
529 535 545 548 1005 998 993 533 
8
529 536 557 560 1013 999 993 533 
8
530 539 546 547 570 565 558 532 
8
530 539 546 548 1006 1001 994 533 
8
530 540 558 560 1014 1002 994 533 
8
531 547 559 560 1015 1007 995 533 
8
534 542 549 550 572 567 561 536 
8
534 542 549 551 1008 1003 997 537 
8
534 543 561 563 1016 1004 997 537 
8
535 550 562 563 1017 1009 998 537 
8
538 542 552 553 574 567 564 540 
8
538 542 552 554 1010 1003 1000 541 
8
538 543 564 566 1018 1004 1000 541 
8
539 553 565 566 1019 1011 1001 541 
8
542 555 567 568 1020 1012 1003 544 
8
545 549 552 553 574 572 569 547 
8
545 549 552 554 1010 1008 1005 548 
8
545 550 569 571 1021 1009 1005 548 
8
546 553 570 571 1022 1011 1006 548 
8
549 555 572 573 1023 1012 1008 551 
8
552 555 574 575 1024 1012 1010 554 
8
557 561 564 565 574 572 569 559 
8
557 561 564 566 1018 1016 1013 560 
8
557 562 569 571 1021 1017 1013 560 
8
558 565 570 571 1022 1019 1014 560 
8
561 567 572 573 1023 1020 1016 563 
8
564 567 574 575 1024 1020 1018 566 
8
569 572 574 575 1024 1023 1021 571 
8
577 584 590 591 612 607 601 579 
8
577 584 590 592 632 627 621 580 
8
577 584 590 593 668 663 657 581 
8
577 584 590 594 732 727 721 582 
8
577 584 590 595 844 839 833 583 
8
577 585 601 603 641 628 621 580 
8
577 585 601 604 677 664 657 581 
8
577 585 601 605 741 728 721 582 
8
577 585 601 606 853 840 833 583 
8
577 586 621 624 693 665 657 581 
8
577 586 621 625 757 729 721 582 
8
577 586 621 626 869 841 833 583 
8
577 587 657 661 785 730 721 582 
8
577 587 657 662 897 842 833 583 
8
577 588 721 726 945 843 833 583 
8
578 591 602 603 642 633 622 580 
8
578 591 602 604 678 669 658 581 
8
578 591 602 605 742 733 722 582 
8
578 591 602 606 854 845 834 583 
8
578 592 622 624 694 670 658 581 
8
578 592 622 625 758 734 722 582 
8
578 592 622 626 870 846 834 583 
8
578 593 658 661 786 735 722 582 
8
578 593 658 662 898 847 834 583 
8
578 594 722 726 946 848 834 583 
8
579 603 623 624 695 679 659 581 
8
579 603 623 625 759 743 723 582 
8
579 603 623 626 871 855 835 583 
8
579 604 659 661 787 744 723 582 
8
579 604 659 662 899 856 835 583 
8
579 605 723 726 947 857 835 583 
8
580 624 660 661 788 760 724 582 
8
580 624 660 662 900 872 836 583 
8
580 625 724 726 948 873 836 583 
8
581 661 725 726 949 901 837 583 
8
584 596 607 608 646 637 627 586 
8
584 596 607 609 682 673 663 587 
8
584 596 607 610 746 737 727 588 
8
584 596 607 611 858 849 839 589 
8
584 597 627 629 698 674 663 587 
8
584 597 627 630 762 738 727 588 
8
584 597 627 631 874 850 839 589 
8
584 598 663 666 790 739 727 588 
8
584 598 663 667 902 851 839 589 
8
584 599 727 731 950 852 839 589 
8
585 608 628 629 699 683 664 587 
8
585 608 628 630 763 747 728 588 
8
585 608 628 631 875 859 840 589 
8
585 609 664 666 791 748 728 588 
8
585 609 664 667 903 860 840 589 
8
585 610 728 731 951 861 840 589 
8
586 629 665 666 792 764 729 588 
8
586 629 665 667 904 876 841 589 
8
586 630 729 731 952 877 841 589 
8
587 666 730 731 953 905 842 589 
8
590 596 612 613 650 637 632 592 
8
590 596 612 614 686 673 668 593 
8
590 596 612 615 750 737 732 594 
8
590 596 612 616 862 849 844 595 
8
590 597 632 634 702 674 668 593 
8
590 597 632 635 766 738 732 594 
8
590 597 632 636 878 850 844 595 
8
590 598 668 671 794 739 732 594 
8
590 598 668 672 906 851 844 595 
8
590 599 732 736 954 852 844 595 
8
591 613 633 634 703 687 669 593 
8
591 613 633 635 767 751 733 594 
8
591 613 633 636 879 863 845 595 
8
591 614 669 671 795 752 733 594 
8
591 614 669 672 907 864 845 595 
8
591 615 733 736 955 865 845 595 
8
592 634 670 671 796 768 734 594 
8
592 634 670 672 908 880 846 595 
8
592 635 734 736 956 881 846 595 
8
593 671 735 736 957 909 847 595 
8
596 617 637 638 706 690 673 598 
8
596 617 637 639 770 754 737 599 
8
596 617 637 640 882 866 849 600 
8
596 618 673 675 798 755 737 599 
8
596 618 673 676 910 867 849 600 
8
596 619 737 740 958 868 849 600 
8
597 638 674 675 799 771 738 599 
8
597 638 674 676 911 883 850 600 
8
597 639 738 740 959 884 850 600 
8
598 675 739 740 960 912 851 600 
8
601 607 612 613 650 646 641 603 
8
601 607 612 614 686 682 677 604 
8
601 607 612 615 750 746 741 605 
8
601 607 612 616 862 858 853 606 
8
601 608 641 643 709 683 677 604 
8
601 608 641 644 773 747 741 605 
8
601 608 641 645 885 859 853 606 
8
601 609 677 680 801 748 741 605 
8
601 609 677 681 913 860 853 606 
8
601 610 741 745 961 861 853 606 
8
602 613 642 643 710 687 678 604 
8
602 613 642 644 774 751 742 605 
8
602 613 642 645 886 863 854 606 
8
602 614 678 680 802 752 742 605 
8
602 614 678 681 914 864 854 606 
8
602 615 742 745 962 865 854 606 
8
603 643 679 680 803 775 743 605 
8
603 643 679 681 915 887 855 606 
8
603 644 743 745 963 888 855 606 
8
604 680 744 745 964 916 856 606 
8
607 617 646 647 713 690 682 609 
8
607 617 646 648 777 754 746 610 
8
607 617 646 649 889 866 858 611 
8
607 618 682 684 805 755 746 610 
8
607 618 682 685 917 867 858 611 
8
607 619 746 749 965 868 858 611 
8
608 647 683 684 806 778 747 610 
8
608 647 683 685 918 890 859 611 
8
608 648 747 749 966 891 859 611 
8
609 684 748 749 967 919 860 611 
8
612 617 650 651 716 690 686 614 
8
612 617 650 652 780 754 750 615 
8
612 617 650 653 892 866 862 616 
8
612 618 686 688 808 755 750 615 
8
612 618 686 689 920 867 862 616 
8
612 619 750 753 968 868 862 616 
8
613 651 687 688 809 781 751 615 
8
613 651 687 689 921 893 863 616 
8
613 652 751 753 969 894 863 616 
8
614 688 752 753 970 922 864 616 
8
617 654 690 691 811 783 754 619 
8
617 654 690 692 923 895 866 620 
8
617 655 754 756 971 896 866 620 
8
618 691 755 756 972 924 867 620 
8
621 627 632 633 650 646 641 623 
8
621 627 632 634 702 698 693 624 
8
621 627 632 635 766 762 757 625 
8
621 627 632 636 878 874 869 626 
8
621 628 641 643 709 699 693 624 
8
621 628 641 644 773 763 757 625 
8
621 628 641 645 885 875 869 626 
8
621 629 693 696 813 764 757 625 
8
621 629 693 697 925 876 869 626 
8
621 630 757 761 973 877 869 626 
8
622 633 642 643 710 703 694 624 
8
622 633 642 644 774 767 758 625 
8
622 633 642 645 886 879 870 626 
8
622 634 694 696 814 768 758 625 
8
622 634 694 697 926 880 870 626 
8
622 635 758 761 974 881 870 626 
8
623 643 695 696 815 775 759 625 
8
623 643 695 697 927 887 871 626 
8
623 644 759 761 975 888 871 626 
8
624 696 760 761 976 928 872 626 
8
627 637 646 647 713 706 698 629 
8
627 637 646 648 777 770 762 630 
8
627 637 646 649 889 882 874 631 
8
627 638 698 700 817 771 762 630 
8
627 638 698 701 929 883 874 631 
8
627 639 762 765 977 884 874 631 
8
628 647 699 700 818 778 763 630 
8
628 647 699 701 930 890 875 631 
8
628 648 763 765 978 891 875 631 
8
629 700 764 765 979 931 876 631 
8
632 637 650 651 716 706 702 634 
8
632 637 650 652 780 770 766 635 
8
632 637 650 653 892 882 878 636 
8
632 638 702 704 820 771 766 635 
8
632 638 702 705 932 883 878 636 
8
632 639 766 769 980 884 878 636 
8
633 651 703 704 821 781 767 635 
8
633 651 703 705 933 893 879 636 
8
633 652 767 769 981 894 879 636 
8
634 704 768 769 982 934 880 636 
8
637 654 706 707 823 783 770 639 
8
637 654 706 708 935 895 882 640 
8
637 655 770 772 983 896 882 640 
8
638 707 771 772 984 936 883 640 
8
641 646 650 651 716 713 709 643 
8
641 646 650 652 780 777 773 644 
8
641 646 650 653 892 889 885 645 
8
641 647 709 711 825 778 773 644 
8
641 647 709 712 937 890 885 645 
8
641 648 773 776 985 891 885 645 
8
642 651 710 711 826 781 774 644 
8
642 651 710 712 938 893 886 645 
8
642 652 774 776 986 894 886 645 
8
643 711 775 776 987 939 887 645 
8
646 654 713 714 828 783 777 648 
8
646 654 713 715 940 895 889 649 
8
646 655 777 779 988 896 889 649 
8
647 714 778 779 989 941 890 649 
8
650 654 716 717 830 783 780 652 
8
650 654 716 718 942 895 892 653 
8
650 655 780 782 990 896 892 653 
8
651 717 781 782 991 943 893 653 
8
654 719 783 784 992 944 895 656 
8
657 663 668 669 686 682 677 659 
8
657 663 668 670 702 698 693 660 
8
657 663 668 671 794 790 785 661 
8
657 663 668 672 906 902 897 662 
8
657 664 677 679 709 699 693 660 
8
657 664 677 680 801 791 785 661 
8
657 664 677 681 913 903 897 662 
8
657 665 693 696 813 792 785 661 
8
657 665 693 697 925 904 897 662 
8
657 666 785 789 993 905 897 662 
8
658 669 678 679 710 703 694 660 
8
658 669 678 680 802 795 786 661 
8
658 669 678 681 914 907 898 662 
8
658 670 694 696 814 796 786 661 
8
658 670 694 697 926 908 898 662 
8
658 671 786 789 994 909 898 662 
8
659 679 695 696 815 803 787 661 
8
659 679 695 697 927 915 899 662 
8
659 680 787 789 995 916 899 662 
8
660 696 788 789 996 928 900 662 
8
663 673 682 683 713 706 698 665 
8
663 673 682 684 805 798 790 666 
8
663 673 682 685 917 910 902 667 
8
663 674 698 700 817 799 790 666 
8
663 674 698 701 929 911 902 667 
8
663 675 790 793 997 912 902 667 
8
664 683 699 700 818 806 791 666 
8
664 683 699 701 930 918 903 667 
8
664 684 791 793 998 919 903 667 
8
665 700 792 793 999 931 904 667 
8
668 673 686 687 716 706 702 670 
8
668 673 686 688 808 798 794 671 
8
668 673 686 689 920 910 906 672 
8
668 674 702 704 820 799 794 671 
8
668 674 702 705 932 911 906 672 
8
668 675 794 797 1000 912 906 672 
8
669 687 703 704 821 809 795 671 
8
669 687 703 705 933 921 907 672 
8
669 688 795 797 1001 922 907 672 
8
670 704 796 797 1002 934 908 672 
8
673 690 706 707 823 811 798 675 
8
673 690 706 708 935 923 910 676 
8
673 691 798 800 1003 924 910 676 
8
674 707 799 800 1004 936 911 676 
8
677 682 686 687 716 713 709 679 
8
677 682 686 688 808 805 801 680 
8
677 682 686 689 920 917 913 681 
8
677 683 709 711 825 806 801 680 
8
677 683 709 712 937 918 913 681 
8
677 684 801 804 1005 919 913 681 
8
678 687 710 711 826 809 802 680 
8
678 687 710 712 938 921 914 681 
8
678 688 802 804 1006 922 914 681 
8
679 711 803 804 1007 939 915 681 
8
682 690 713 714 828 811 805 684 
8
682 690 713 715 940 923 917 685 
8
682 691 805 807 1008 924 917 685 
8
683 714 806 807 1009 941 918 685 
8
686 690 716 717 830 811 808 688 
8
686 690 716 718 942 923 920 689 
8
686 691 808 810 1010 924 920 689 
8
687 717 809 810 1011 943 921 689 
8
690 719 811 812 1012 944 923 692 
8
693 698 702 703 716 713 709 695 
8
693 698 702 704 820 817 813 696 
8
693 698 702 705 932 929 925 697 
8
693 699 709 711 825 818 813 696 
8
693 699 709 712 937 930 925 697 
8
693 700 813 816 1013 931 925 697 
8
694 703 710 711 826 821 814 696 
8
694 703 710 712 938 933 926 697 
8
694 704 814 816 1014 934 926 697 
8
695 711 815 816 1015 939 927 697 
8
698 706 713 714 828 823 817 700 
8
698 706 713 715 940 935 929 701 
8
698 707 817 819 1016 936 929 701 
8
699 714 818 819 1017 941 930 701 
8
702 706 716 717 830 823 820 704 
8
702 706 716 718 942 935 932 705 
8
702 707 820 822 1018 936 932 705 
8
703 717 821 822 1019 943 933 705 
8
706 719 823 824 1020 944 935 708 
8
709 713 716 717 830 828 825 711 
8
709 713 716 718 942 940 937 712 
8
709 714 825 827 1021 941 937 712 
8
710 717 826 827 1022 943 938 712 
8
713 719 828 829 1023 944 940 715 
8
716 719 830 831 1024 944 942 718 
8
721 727 732 733 750 746 741 723 
8
721 727 732 734 766 762 757 724 
8
721 727 732 735 794 790 785 725 
8
721 727 732 736 954 950 945 726 
8
721 728 741 743 773 763 757 724 
8
721 728 741 744 801 791 785 725 
8
721 728 741 745 961 951 945 726 
8
721 729 757 760 813 792 785 725 
8
721 729 757 761 973 952 945 726 
8
721 730 785 789 993 953 945 726 
8
722 733 742 743 774 767 758 724 
8
722 733 742 744 802 795 786 725 
8
722 733 742 745 962 955 946 726 
8
722 734 758 760 814 796 786 725 
8
722 734 758 761 974 956 946 726 
8
722 735 786 789 994 957 946 726 
8
723 743 759 760 815 803 787 725 
8
723 743 759 761 975 963 947 726 
8
723 744 787 789 995 964 947 726 
8
724 760 788 789 996 976 948 726 
8
727 737 746 747 777 770 762 729 
8
727 737 746 748 805 798 790 730 
8
727 737 746 749 965 958 950 731 
8
727 738 762 764 817 799 790 730 
8
727 738 762 765 977 959 950 731 
8
727 739 790 793 997 960 950 731 
8
728 747 763 764 818 806 791 730 
8
728 747 763 765 978 966 951 731 
8
728 748 791 793 998 967 951 731 
8
729 764 792 793 999 979 952 731 
8
732 737 750 751 780 770 766 734 
8
732 737 750 752 808 798 794 735 
8
732 737 750 753 968 958 954 736 
8
732 738 766 768 820 799 794 735 
8
732 738 766 769 980 959 954 736 
8
732 739 794 797 1000 960 954 736 
8
733 751 767 768 821 809 795 735 
8
733 751 767 769 981 969 955 736 
8
733 752 795 797 1001 970 955 736 
8
734 768 796 797 1002 982 956 736 
8
737 754 770 771 823 811 798 739 
8
737 754 770 772 983 971 958 740 
8
737 755 798 800 1003 972 958 740 
8
738 771 799 800 1004 984 959 740 
8
741 746 750 751 780 777 773 743 
8
741 746 750 752 808 805 801 744 
8
741 746 750 753 968 965 961 745 
8
741 747 773 775 825 806 801 744 
8
741 747 773 776 985 966 961 745 
8
741 748 801 804 1005 967 961 745 
8
742 751 774 775 826 809 802 744 
8
742 751 774 776 986 969 962 745 
8
742 752 802 804 1006 970 962 745 
8
743 775 803 804 1007 987 963 745 
8
746 754 777 778 828 811 805 748 
8
746 754 777 779 988 971 965 749 
8
746 755 805 807 1008 972 965 749 
8
747 778 806 807 1009 989 966 749 
8
750 754 780 781 830 811 808 752 
8
750 754 780 782 990 971 968 753 
8
750 755 808 810 1010 972 968 753 
8
751 781 809 810 1011 991 969 753 
8
754 783 811 812 1012 992 971 756 
8
757 762 766 767 780 777 773 759 
8
757 762 766 768 820 817 813 760 
8
757 762 766 769 980 977 973 761 
8
757 763 773 775 825 818 813 760 
8
757 763 773 776 985 978 973 761 
8
757 764 813 816 1013 979 973 761 
8
758 767 774 775 826 821 814 760 
8
758 767 774 776 986 981 974 761 
8
758 768 814 816 1014 982 974 761 
8
759 775 815 816 1015 987 975 761 
8
762 770 777 778 828 823 817 764 
8
762 770 777 779 988 983 977 765 
8
762 771 817 819 1016 984 977 765 
8
763 778 818 819 1017 989 978 765 
8
766 770 780 781 830 823 820 768 
8
766 770 780 782 990 983 980 769 
8
766 771 820 822 1018 984 980 769 
8
767 781 821 822 1019 991 981 769 
8
770 783 823 824 1020 992 983 772 
8
773 777 780 781 830 828 825 775 
8
773 777 780 782 990 988 985 776 
8
773 778 825 827 1021 989 985 776 
8
774 781 826 827 1022 991 986 776 
8
777 783 828 829 1023 992 988 779 
8
780 783 830 831 1024 992 990 782 
8
785 790 794 795 808 805 801 787 
8
785 790 794 796 820 817 813 788 
8
785 790 794 797 1000 997 993 789 
8
785 791 801 803 825 818 813 788 
8
785 791 801 804 1005 998 993 789 
8
785 792 813 816 1013 999 993 789 
8
786 795 802 803 826 821 814 788 
8
786 795 802 804 1006 1001 994 789 
8
786 796 814 816 1014 1002 994 789 
8
787 803 815 816 1015 1007 995 789 
8
790 798 805 806 828 823 817 792 
8
790 798 805 807 1008 1003 997 793 
8
790 799 817 819 1016 1004 997 793 
8
791 806 818 819 1017 1009 998 793 
8
794 798 808 809 830 823 820 796 
8
794 798 808 810 1010 1003 1000 797 
8
794 799 820 822 1018 1004 1000 797 
8
795 809 821 822 1019 1011 1001 797 
8
798 811 823 824 1020 1012 1003 800 
8
801 805 808 809 830 828 825 803 
8
801 805 808 810 1010 1008 1005 804 
8
801 806 825 827 1021 1009 1005 804 
8
802 809 826 827 1022 1011 1006 804 
8
805 811 828 829 1023 1012 1008 807 
8
808 811 830 831 1024 1012 1010 810 
8
813 817 820 821 830 828 825 815 
8
813 817 820 822 1018 1016 1013 816 
8
813 818 825 827 1021 1017 1013 816 
8
814 821 826 827 1022 1019 1014 816 
8
817 823 828 829 1023 1020 1016 819 
8
820 823 830 831 1024 1020 1018 822 
8
825 828 830 831 1024 1023 1021 827 
8
833 839 844 845 862 858 853 835 
8
833 839 844 846 878 874 869 836 
8
833 839 844 847 906 902 897 837 
8
833 839 844 848 954 950 945 838 
8
833 840 853 855 885 875 869 836 
8
833 840 853 856 913 903 897 837 
8
833 840 853 857 961 951 945 838 
8
833 841 869 872 925 904 897 837 
8
833 841 869 873 973 952 945 838 
8
833 842 897 901 993 953 945 838 
8
834 845 854 855 886 879 870 836 
8
834 845 854 856 914 907 898 837 
8
834 845 854 857 962 955 946 838 
8
834 846 870 872 926 908 898 837 
8
834 846 870 873 974 956 946 838 
8
834 847 898 901 994 957 946 838 
8
835 855 871 872 927 915 899 837 
8
835 855 871 873 975 963 947 838 
8
835 856 899 901 995 964 947 838 
8
836 872 900 901 996 976 948 838 
8
839 849 858 859 889 882 874 841 
8
839 849 858 860 917 910 902 842 
8
839 849 858 861 965 958 950 843 
8
839 850 874 876 929 911 902 842 
8
839 850 874 877 977 959 950 843 
8
839 851 902 905 997 960 950 843 
8
840 859 875 876 930 918 903 842 
8
840 859 875 877 978 966 951 843 
8
840 860 903 905 998 967 951 843 
8
841 876 904 905 999 979 952 843 
8
844 849 862 863 892 882 878 846 
8
844 849 862 864 920 910 906 847 
8
844 849 862 865 968 958 954 848 
8
844 850 878 880 932 911 906 847 
8
844 850 878 881 980 959 954 848 
8
844 851 906 909 1000 960 954 848 
8
845 863 879 880 933 921 907 847 
8
845 863 879 881 981 969 955 848 
8
845 864 907 909 1001 970 955 848 
8
846 880 908 909 1002 982 956 848 
8
849 866 882 883 935 923 910 851 
8
849 866 882 884 983 971 958 852 
8
849 867 910 912 1003 972 958 852 
8
850 883 911 912 1004 984 959 852 
8
853 858 862 863 892 889 885 855 
8
853 858 862 864 920 917 913 856 
8
853 858 862 865 968 965 961 857 
8
853 859 885 887 937 918 913 856 
8
853 859 885 888 985 966 961 857 
8
853 860 913 916 1005 967 961 857 
8
854 863 886 887 938 921 914 856 
8
854 863 886 888 986 969 962 857 
8
854 864 914 916 1006 970 962 857 
8
855 887 915 916 1007 987 963 857 
8
858 866 889 890 940 923 917 860 
8
858 866 889 891 988 971 965 861 
8
858 867 917 919 1008 972 965 861 
8
859 890 918 919 1009 989 966 861 
8
862 866 892 893 942 923 920 864 
8
862 866 892 894 990 971 968 865 
8
862 867 920 922 1010 972 968 865 
8
863 893 921 922 1011 991 969 865 
8
866 895 923 924 1012 992 971 868 
8
869 874 878 879 892 889 885 871 
8
869 874 878 880 932 929 925 872 
8
869 874 878 881 980 977 973 873 
8
869 875 885 887 937 930 925 872 
8
869 875 885 888 985 978 973 873 
8
869 876 925 928 1013 979 973 873 
8
870 879 886 887 938 933 926 872 
8
870 879 886 888 986 981 974 873 
8
870 880 926 928 1014 982 974 873 
8
871 887 927 928 1015 987 975 873 
8
874 882 889 890 940 935 929 876 
8
874 882 889 891 988 983 977 877 
8
874 883 929 931 1016 984 977 877 
8
875 890 930 931 1017 989 978 877 
8
878 882 892 893 942 935 932 880 
8
878 882 892 894 990 983 980 881 
8
878 883 932 934 1018 984 980 881 
8
879 893 933 934 1019 991 981 881 
8
882 895 935 936 1020 992 983 884 
8
885 889 892 893 942 940 937 887 
8
885 889 892 894 990 988 985 888 
8
885 890 937 939 1021 989 985 888 
8
886 893 938 939 1022 991 986 888 
8
889 895 940 941 1023 992 988 891 
8
892 895 942 943 1024 992 990 894 
8
897 902 906 907 920 917 913 899 
8
897 902 906 908 932 929 925 900 
8
897 902 906 909 1000 997 993 901 
8
897 903 913 915 937 930 925 900 
8
897 903 913 916 1005 998 993 901 
8
897 904 925 928 1013 999 993 901 
8
898 907 914 915 938 933 926 900 
8
898 907 914 916 1006 1001 994 901 
8
898 908 926 928 1014 1002 994 901 
8
899 915 927 928 1015 1007 995 901 
8
902 910 917 918 940 935 929 904 
8
902 910 917 919 1008 1003 997 905 
8
902 911 929 931 1016 1004 997 905 
8
903 918 930 931 1017 1009 998 905 
8
906 910 920 921 942 935 932 908 
8
906 910 920 922 1010 1003 1000 909 
8
906 911 932 934 1018 1004 1000 909 
8
907 921 933 934 1019 1011 1001 909 
8
910 923 935 936 1020 1012 1003 912 
8
913 917 920 921 942 940 937 915 
8
913 917 920 922 1010 1008 1005 916 
8
913 918 937 939 1021 1009 1005 916 
8
914 921 938 939 1022 1011 1006 916 
8
917 923 940 941 1023 1012 1008 919 
8
920 923 942 943 1024 1012 1010 922 
8
925 929 932 933 942 940 937 927 
8
925 929 932 934 1018 1016 1013 928 
8
925 930 937 939 1021 1017 1013 928 
8
926 933 938 939 1022 1019 1014 928 
8
929 935 940 941 1023 1020 1016 931 
8
932 935 942 943 1024 1020 1018 934 
8
937 940 942 943 1024 1023 1021 939 
8
945 950 954 955 968 965 961 947 
8
945 950 954 956 980 977 973 948 
8
945 950 954 957 1000 997 993 949 
8
945 951 961 963 985 978 973 948 
8
945 951 961 964 1005 998 993 949 
8
945 952 973 976 1013 999 993 949 
8
946 955 962 963 986 981 974 948 
8
946 955 962 964 1006 1001 994 949 
8
946 956 974 976 1014 1002 994 949 
8
947 963 975 976 1015 1007 995 949 
8
950 958 965 966 988 983 977 952 
8
950 958 965 967 1008 1003 997 953 
8
950 959 977 979 1016 1004 997 953 
8
951 966 978 979 1017 1009 998 953 
8
954 958 968 969 990 983 980 956 
8
954 958 968 970 1010 1003 1000 957 
8
954 959 980 982 1018 1004 1000 957 
8
955 969 981 982 1019 1011 1001 957 
8
958 971 983 984 1020 1012 1003 960 
8
961 965 968 969 990 988 985 963 
8
961 965 968 970 1010 1008 1005 964 
8
961 966 985 987 1021 1009 1005 964 
8
962 969 986 987 1022 1011 1006 964 
8
965 971 988 989 1023 1012 1008 967 
8
968 971 990 991 1024 1012 1010 970 
8
973 977 980 981 990 988 985 975 
8
973 977 980 982 1018 1016 1013 976 
8
973 978 985 987 1021 1017 1013 976 
8
974 981 986 987 1022 1019 1014 976 
8
977 983 988 989 1023 1020 1016 979 
8
980 983 990 991 1024 1020 1018 982 
8
985 988 990 991 1024 1023 1021 987 
8
993 997 1000 1001 1010 1008 1005 995 
8
993 997 1000 1002 1018 1016 1013 996 
8
993 998 1005 1007 1021 1017 1013 996 
8
994 1001 1006 1007 1022 1019 1014 996 
8
997 1003 1008 1009 1023 1020 1016 999 
8
1000 1003 1010 1011 1024 1020 1018 1002 
8
1005 1008 1010 1011 1024 1023 1021 1007 
8
1013 1016 1018 1019 1024 1023 1021 1015 
